1581.98	0	0	0	0	0	0
1582.797396	0.121	0.0245	18.284	0.2237	0	0
1582.818229	0.138	0.0256	18.137	0.203	0	0
1582.839062	0.132	0.0264	18.191	0.221	0	0
1582.859896	0.077	0.0273	18.768	0.3997	0	0
1582.880729	0.155	0.028	18.01	0.1978	0	0
1582.901563	0.082	0.0287	18.702	0.3958	0	0
1582.922396	0.147	0.0294	18.071	0.2205	0	0
1582.964063	0.075	0.0313	18.807	0.486	0	0
1582.984896	0.066	0.0326	18.948	0.5917	0	0
1583.00573	0.161	0.0339	17.97	0.2317	0	0
1583.026563	0.112	0.0355	18.37	0.3577	0	0
1583.047397	0.085	0.0374	18.671	0.5155	0	0
1583.06823	0.083	0.0394	18.689	0.5587	0	0
1583.089063	0.149	0.0418	18.058	0.3137	0	0
1584.755742	0.349	0.0184	17.133	0.0574	2048	0
1584.776576	0.318	0.0182	17.233	0.0622	2048	0
1584.797409	0.306	0.018	17.276	0.0639	2048	0
1584.818243	0.365	0.0178	17.084	0.0529	2048	0
1584.839076	0.356	0.0176	17.11	0.0538	2048	0
1584.880743	0.362	0.0174	17.092	0.0523	2048	0
1584.901577	0.423	0.0173	16.923	0.0445	2048	0
1584.92241	0.456	0.0172	16.841	0.0409	2048	0
1584.943244	0.446	0.017	16.866	0.0416	2048	0
1584.964077	0.458	0.0169	16.836	0.0401	2048	0
1584.984911	0.465	0.0168	16.82	0.0391	2048	0
1585.005744	0.459	0.0166	16.834	0.0392	2048	0
1585.026578	0.467	0.0164	16.815	0.0381	2048	0
1585.047411	0.386	0.0162	17.023	0.0457	2048	0
1585.068245	0.395	0.0161	16.996	0.0442	2048	0
1585.089078	0.53	0.0159	16.678	0.0326	2048	0
1585.109912	0.485	0.0157	16.775	0.0352	2048	0
1585.130745	0.477	0.0155	16.793	0.0354	2048	0
1585.151579	0.493	0.0154	16.757	0.0339	2048	0
1585.172412	0.483	0.0152	16.779	0.0342	2048	0
1585.193246	0.495	0.0151	16.753	0.0331	2048	0
1585.214079	0.453	0.015	16.848	0.0359	2048	0
1585.234913	0.561	0.0149	16.617	0.0288	2048	0
1585.255746	0.521	0.0148	16.696	0.0308	2048	0
1585.27658	0.528	0.0147	16.682	0.0302	2048	0
1585.297413	0.505	0.0146	16.731	0.0313	2048	0
1585.318247	0.497	0.0144	16.748	0.0316	2048	0
1585.33908	0.478	0.0143	16.791	0.0326	2048	0
1585.359914	0.485	0.0142	16.775	0.0318	2048	0
1585.380747	0.471	0.014	16.806	0.0324	2048	0
1585.401581	0.482	0.0139	16.78	0.0313	2048	0
1585.422414	0.513	0.0138	16.713	0.0292	2048	0
1585.443248	0.486	0.0137	16.773	0.0306	2048	0
1585.464081	0.508	0.0136	16.725	0.0291	2048	0
1585.484915	0.551	0.0136	16.637	0.0268	2048	0
1585.505748	0.58	0.0135	16.58	0.0253	2048	0
1585.526582	0.545	0.0134	16.648	0.0267	2048	0
1585.547415	0.517	0.0134	16.704	0.028	2048	0
1585.568249	0.504	0.0133	16.734	0.0287	2048	0
1585.589082	0.511	0.0133	16.718	0.0283	2048	0
1585.609916	0.558	0.0133	16.623	0.0259	2048	0
1585.630749	0.557	0.0132	16.625	0.0258	2048	0
1585.651583	0.575	0.0132	16.589	0.025	2048	0
1585.672416	0.575	0.0132	16.589	0.0249	2048	0
1585.69325	0.579	0.0132	16.583	0.0247	2048	0
1585.714083	0.603	0.0132	16.538	0.0237	2048	0
1585.734917	0.594	0.0131	16.554	0.0239	2048	0
1585.75575	0.608	0.013	16.528	0.0233	2048	0
1585.776584	0.521	0.013	16.697	0.027	2048	0
1585.797417	0.601	0.0129	16.541	0.0234	2048	0
1585.818251	0.62	0.0129	16.508	0.0226	2048	0
1585.839084	0.596	0.0129	16.551	0.0235	2048	0
1585.859918	0.563	0.0129	16.613	0.0248	2048	0
1585.880751	0.635	0.0129	16.482	0.022	2048	0
1585.901585	0.594	0.0129	16.554	0.0235	2048	0
1585.943252	0.603	0.0129	16.538	0.0232	2048	0
1585.964085	0.579	0.0129	16.583	0.0241	2048	0
1585.984919	0.649	0.0129	16.459	0.0215	2048	0
1586.005752	0.627	0.0128	16.495	0.0221	2048	0
1586.026586	0.61	0.0128	16.526	0.0228	2048	0
1586.047419	0.625	0.0127	16.499	0.0221	2048	0
1586.068253	0.67	0.0127	16.423	0.0206	2048	0
1586.089086	0.653	0.0126	16.452	0.021	2048	0
1586.10992	0.635	0.0126	16.482	0.0215	2048	0
1586.130753	0.604	0.0125	16.536	0.0225	2048	0
1586.17242	0.67	0.0125	16.424	0.0203	2048	0
1586.193254	0.651	0.0125	16.455	0.0208	2048	0
1586.214087	0.641	0.0125	16.472	0.0211	2048	0
1586.234921	0.658	0.0124	16.443	0.0205	2048	0
1586.276588	0.608	0.0124	16.529	0.0221	2048	0
1586.297421	0.622	0.0124	16.504	0.0216	2048	0
1586.318255	0.64	0.0123	16.474	0.0209	2048	0
1586.339088	0.646	0.0123	16.464	0.0207	2048	0
1586.359922	0.664	0.0123	16.434	0.0201	2048	0
1586.380755	0.69	0.0123	16.392	0.0193	0	0
1586.401589	0.668	0.0122	16.427	0.0199	0	0
1586.422422	0.694	0.0122	16.386	0.0191	0	0
1586.443256	0.7	0.0122	16.376	0.0189	0	0
1586.464089	0.657	0.0122	16.446	0.0201	0	0
1586.484922	0.668	0.0121	16.427	0.0197	0	0
1586.505756	0.716	0.0121	16.351	0.0184	0	0
1586.526589	0.691	0.0121	16.389	0.019	0	0
1586.547423	0.656	0.0121	16.446	0.02	0	0
1586.568256	0.676	0.0121	16.414	0.0194	0	0
1586.58909	0.655	0.0121	16.448	0.02	0	0
1586.609923	0.638	0.0121	16.477	0.0205	0	0
1586.630757	0.698	0.0121	16.38	0.0188	0	0
1586.65159	0.672	0.0121	16.42	0.0195	0	0
1586.672424	0.713	0.012	16.356	0.0183	0	0
1586.693257	0.684	0.012	16.402	0.0191	0	0
1586.714091	0.703	0.012	16.371	0.0186	0	0
1586.734924	0.753	0.012	16.297	0.0173	0	0
1586.755758	0.722	0.012	16.343	0.018	0	0
1586.776591	0.741	0.012	16.314	0.0175	0	0
1586.797425	0.687	0.0119	16.397	0.0189	0	0
1586.818258	0.705	0.0119	16.368	0.0183	0	0
1586.839092	0.691	0.0119	16.39	0.0187	0	0
1586.859925	0.715	0.0119	16.353	0.0181	0	0
1586.880759	0.724	0.0119	16.339	0.0178	0	0
1586.901592	0.736	0.0119	16.322	0.0175	0	0
1586.922426	0.731	0.0119	16.329	0.0176	0	0
1586.943259	0.713	0.0119	16.356	0.0181	0	0
1586.964093	0.74	0.0119	16.315	0.0174	0	0
1586.984926	0.755	0.0118	16.295	0.017	0	0
1587.005759	0.747	0.0119	16.306	0.0172	0	0
1587.026593	0.781	0.0118	16.257	0.0164	0	0
1587.047426	0.712	0.0118	16.357	0.018	0	0
1587.06826	0.723	0.0118	16.341	0.0177	0	0
1587.089093	0.759	0.0118	16.289	0.0169	0	0
1587.109927	0.743	0.0118	16.312	0.0172	0	0
1587.13076	0.701	0.0117	16.375	0.0182	0	0
1587.151594	0.711	0.0117	16.359	0.0179	0	0
1587.172427	0.72	0.0117	16.346	0.0177	0	0
1587.193261	0.767	0.0117	16.276	0.0166	0	0
1587.214094	0.809	0.0117	16.219	0.0157	0	0
1587.234928	0.717	0.0117	16.35	0.0177	0	0
1587.255761	0.792	0.0117	16.242	0.016	0	0
1587.276595	0.77	0.0117	16.273	0.0164	0	0
1587.297428	0.807	0.0117	16.221	0.0157	0	0
1587.318261	0.792	0.0117	16.242	0.016	0	0
1587.339095	0.768	0.0116	16.275	0.0165	0	0
1587.359928	0.796	0.0116	16.237	0.0159	0	0
1587.380762	0.733	0.0116	16.327	0.0172	0	0
1587.401595	0.797	0.0116	16.235	0.0158	0	0
1587.422429	0.806	0.0116	16.223	0.0157	0	0
1587.443262	0.805	0.0116	16.225	0.0157	0	0
1587.464096	0.839	0.0116	16.18	0.015	0	0
1587.484929	0.813	0.0116	16.213	0.0155	0	0
1587.505763	0.808	0.0116	16.221	0.0156	0	0
1587.54743	0.837	0.0116	16.182	0.0151	0	0
1587.568263	0.806	0.0116	16.223	0.0156	0	0
1587.589096	0.83	0.0116	16.191	0.0152	0	0
1587.60993	0.841	0.0116	16.176	0.015	0	0
1587.630763	0.825	0.0116	16.198	0.0153	0	0
1587.651597	0.869	0.0116	16.142	0.0145	0	0
1587.67243	0.878	0.0116	16.131	0.0144	0	0
1587.693264	0.845	0.0116	16.172	0.0149	0	0
1587.714097	0.849	0.0116	16.167	0.0149	0	0
1587.734931	0.802	0.0116	16.228	0.0157	0	0
1587.755764	0.847	0.0116	16.169	0.0149	0	0
1587.776598	0.871	0.0116	16.139	0.0144	0	0
1587.797431	0.882	0.0116	16.125	0.0143	0	0
1587.818264	0.874	0.0116	16.135	0.0144	0	0
1587.839098	0.871	0.0116	16.138	0.0144	0	0
1587.859931	0.88	0.0116	16.127	0.0143	0	0
1587.880765	0.845	0.0116	16.171	0.0149	0	0
1587.901598	0.849	0.0116	16.166	0.0148	0	0
1587.922432	0.889	0.0116	16.116	0.0141	0	0
1587.943265	0.886	0.0116	16.12	0.0142	0	0
1587.964099	0.903	0.0116	16.099	0.0139	0	0
1587.984932	0.864	0.0116	16.148	0.0146	0	0
1588.005766	0.909	0.0116	16.092	0.0139	0	0
1588.026599	0.876	0.0116	16.133	0.0144	0	0
1588.047432	0.875	0.0116	16.134	0.0144	0	0
1588.068266	0.927	0.0116	16.071	0.0136	0	0
1588.089099	0.891	0.0116	16.114	0.0141	0	0
1588.109933	0.912	0.0116	16.089	0.0138	0	0
1588.130766	0.874	0.0116	16.135	0.0144	0	0
1588.1516	0.886	0.0116	16.12	0.0142	0	0
1588.172433	0.913	0.0116	16.088	0.0138	0	0
1588.193267	0.904	0.0116	16.098	0.0139	0	0
1588.2141	0.893	0.0116	16.111	0.0141	0	0
1588.234933	0.92	0.0116	16.079	0.0137	0	0
1588.255767	0.884	0.0116	16.123	0.0142	0	0
1588.2766	0.946	0.0116	16.05	0.0133	0	0
1588.297434	0.918	0.0116	16.081	0.0137	0	0
1588.318267	0.926	0.0116	16.073	0.0136	0	0
1588.339101	0.892	0.0116	16.112	0.0141	0	0
1588.359934	0.926	0.0116	16.073	0.0136	0	0
1588.380767	0.929	0.0116	16.069	0.0135	0	0
1588.401601	0.982	0.0116	16.009	0.0128	0	0
1588.422434	0.887	0.0116	16.119	0.0141	0	0
1588.443268	0.908	0.0116	16.094	0.0138	0	0
1588.464101	0.937	0.0116	16.06	0.0134	0	0
1588.484935	0.977	0.0116	16.014	0.0129	0	0
1588.505768	0.985	0.0116	16.005	0.0128	0	0
1588.526602	0.968	0.0116	16.024	0.013	0	0
1588.547435	0.962	0.0116	16.031	0.0131	0	0
1588.568268	0.967	0.0116	16.025	0.013	0	0
1588.589102	0.965	0.0116	16.028	0.013	0	0
1588.609935	0.956	0.0116	16.038	0.0132	0	0
1588.630769	0.944	0.0116	16.051	0.0133	0	0
1588.651602	0.956	0.0116	16.038	0.0132	0	0
1588.672436	0.966	0.0116	16.026	0.013	0	0
1588.693269	0.932	0.0116	16.065	0.0135	0	0
1588.714102	0.936	0.0116	16.061	0.0134	0	0
1588.734936	0.992	0.0116	15.997	0.0127	0	0
1588.755769	0.967	0.0116	16.025	0.013	0	0
1588.776603	0.983	0.0116	16.007	0.0128	0	0
1588.797436	0.984	0.0116	16.006	0.0128	0	0
1588.81827	0.964	0.0116	16.029	0.013	0	0
1588.839103	0.983	0.0116	16.007	0.0128	0	0
1588.859936	0.999	0.0116	15.99	0.0126	0	0
1588.88077	1.001	0.0116	15.988	0.0126	0	0
1588.901603	0.975	0.0116	16.016	0.0129	0	0
1588.922437	1.016	0.0116	15.971	0.0124	0	0
1588.94327	1.003	0.0116	15.986	0.0125	0	0
1588.964103	1.051	0.0116	15.935	0.012	0	0
1588.984937	0.985	0.0116	16.005	0.0128	0	0
1589.00577	1.018	0.0116	15.969	0.0123	0	0
1589.026604	0.999	0.0116	15.99	0.0126	0	0
1589.068271	0.993	0.0116	15.996	0.0127	0	0
1589.089104	1.018	0.0116	15.97	0.0123	0	0
1589.109937	1.039	0.0116	15.948	0.0121	0	0
1589.130771	1.033	0.0116	15.953	0.0121	0	0
1589.151604	0.99	0.0116	16	0.0127	0	0
1589.172438	1.052	0.0116	15.934	0.012	0	0
1589.193271	1.066	0.0116	15.919	0.0118	0	0
1589.214104	1.03	0.0116	15.957	0.0122	0	0
1589.234938	1.06	0.0116	15.926	0.0119	0	0
1589.255771	1.023	0.0116	15.964	0.0123	0	0
1589.276605	1	0.0116	15.989	0.0126	0	0
1589.297438	1.047	0.0116	15.939	0.012	0	0
1589.318271	1.026	0.0116	15.961	0.0123	0	0
1589.339105	1.023	0.0116	15.964	0.0123	0	0
1589.359938	1.039	0.0116	15.947	0.0121	0	0
1589.380772	1.026	0.0116	15.961	0.0122	0	0
1589.401605	1.061	0.0116	15.925	0.0119	0	0
1589.422439	1.054	0.0116	15.932	0.0119	0	0
1589.443272	1.021	0.0116	15.966	0.0124	0	0
1589.464105	1.007	0.0116	15.981	0.0125	0	0
1589.484939	1.012	0.0116	15.976	0.0124	0	0
1589.505772	1.025	0.0116	15.962	0.0123	0	0
1589.526606	1.041	0.0116	15.946	0.0121	0	0
1589.547439	1.121	0.0116	15.865	0.0113	0	0
1589.568272	1.071	0.0116	15.914	0.0118	0	0
1589.589106	1.06	0.0116	15.925	0.0119	0	0
1589.609939	1.073	0.0116	15.912	0.0118	0	0
1589.630773	1.023	0.0116	15.964	0.0123	0	0
1589.651606	1.061	0.0116	15.924	0.0119	0	0
1589.672439	1.053	0.0116	15.932	0.012	0	0
1589.693273	1.054	0.0116	15.932	0.012	0	0
1589.714106	1.053	0.0116	15.933	0.012	0	0
1589.73494	1.04	0.0116	15.947	0.0121	0	0
1589.755773	1.048	0.0116	15.938	0.012	0	0
1589.776606	1.036	0.0116	15.951	0.0122	0	0
1589.79744	1.031	0.0116	15.956	0.0122	0	0
1589.818273	1.061	0.0116	15.925	0.0119	0	0
1589.839107	1.047	0.0116	15.939	0.012	0	0
1589.85994	1.091	0.0116	15.894	0.0116	0	0
1589.880773	1.03	0.0116	15.957	0.0122	0	0
1589.901607	1.038	0.0116	15.948	0.0121	0	0
1589.943273	1.056	0.0116	15.93	0.0119	0	0
1589.964107	1.078	0.0116	15.908	0.0117	0	0
1589.98494	1.095	0.0116	15.891	0.0115	0	0
1590.005774	1.088	0.0116	15.897	0.0116	0	0
1590.026607	1.059	0.0116	15.926	0.0119	0	0
1590.04744	1.135	0.0116	15.851	0.0111	0	0
1590.068274	1.071	0.0116	15.914	0.0118	0	0
1590.089107	1.057	0.0116	15.929	0.0119	0	0
1590.109941	1.095	0.0116	15.891	0.0115	0	0
1590.130774	1.113	0.0116	15.873	0.0113	0	0
1590.151607	1.129	0.0116	15.858	0.0112	0	0
1590.172441	1.083	0.0116	15.902	0.0116	0	0
1590.193274	1.072	0.0116	15.914	0.0117	0	0
1590.214107	1.09	0.0116	15.895	0.0116	0	0
1590.234941	1.066	0.0116	15.919	0.0118	0	0
1590.255774	1.073	0.0116	15.912	0.0117	0	0
1590.276608	1.002	0.0116	15.987	0.0126	0	0
1590.297441	1.093	0.0116	15.892	0.0115	0	0
1590.318274	1.113	0.0116	15.873	0.0113	0	0
1590.339108	1.067	0.0116	15.918	0.0118	0	0
1590.359941	1.154	0.0116	15.833	0.0109	0	0
1590.380774	1.109	0.0116	15.876	0.0113	0	0
1590.401608	1.15	0.0116	15.837	0.0109	0	0
1590.422441	1.112	0.0116	15.873	0.0113	0	0
1590.443275	1.114	0.0116	15.872	0.0113	0	0
1590.464108	1.146	0.0116	15.841	0.011	0	0
1590.484941	1.142	0.0116	15.844	0.011	0	0
1590.505775	1.116	0.0116	15.87	0.0113	0	0
1590.547441	1.162	0.0116	15.826	0.0108	0	0
1590.568275	1.129	0.0116	15.857	0.0111	0	0
1590.589108	1.136	0.0116	15.851	0.0111	0	0
1590.609942	1.117	0.0116	15.868	0.0113	0	0
1590.630775	1.127	0.0116	15.859	0.0111	0	0
1590.672442	1.118	0.0116	15.868	0.0112	0	0
1590.693275	1.183	0.0116	15.807	0.0106	0	0
1590.714108	1.1	0.0116	15.885	0.0114	0	0
1590.734942	1.153	0.0116	15.835	0.0109	0	0
1590.755775	1.143	0.0116	15.843	0.011	0	0
1590.776608	1.165	0.0116	15.823	0.0108	0	0
1590.797442	1.113	0.0116	15.872	0.0113	0	0
1590.818275	1.122	0.0116	15.864	0.0113	0	0
1590.839109	1.089	0.0116	15.897	0.0116	0	0
1590.859942	1.13	0.0116	15.856	0.0112	0	0
1590.880775	1.152	0.0116	15.835	0.0109	0	0
1590.901609	1.119	0.0116	15.867	0.0113	0	0
1590.922442	1.117	0.0116	15.869	0.0113	0	0
1590.943275	1.129	0.0116	15.857	0.0112	0	0
1590.964109	1.069	0.0116	15.917	0.0118	0	0
1590.984942	1.114	0.0116	15.872	0.0113	0	0
1591.005775	1.104	0.0116	15.882	0.0114	0	0
1591.026609	1.115	0.0116	15.87	0.0113	0	0
1591.047442	1.055	0.0116	15.931	0.0119	0	0
1591.068275	1.117	0.0116	15.869	0.0113	0	0
1591.089109	1.123	0.0116	15.863	0.0112	0	0
1591.109942	1.155	0.0116	15.832	0.0109	0	0
1591.130775	1.121	0.0116	15.864	0.0113	0	0
1591.151609	1.099	0.0116	15.887	0.0115	0	0
1591.172442	1.112	0.0116	15.873	0.0113	0	0
1591.193276	1.177	0.0116	15.812	0.0107	0	0
1591.214109	1.135	0.0116	15.851	0.0111	0	0
1591.234942	1.132	0.0116	15.854	0.0112	0	0
1591.255776	1.098	0.0116	15.887	0.0115	0	0
1591.276609	1.16	0.0116	15.827	0.0109	0	0
1591.297442	1.186	0.0116	15.804	0.0107	0	0
1591.318276	1.127	0.0116	15.859	0.0112	0	0
1591.339109	1.147	0.0116	15.84	0.011	0	0
1591.359942	1.091	0.0116	15.894	0.0116	0	0
1591.380776	1.145	0.0116	15.842	0.011	0	0
1591.401609	1.166	0.0116	15.822	0.0108	0	0
1591.422442	1.174	0.0116	15.814	0.0107	0	0
1591.443276	1.171	0.0116	15.818	0.0108	0	0
1591.464109	1.165	0.0116	15.823	0.0108	0	0
1591.484942	1.134	0.0116	15.852	0.0111	0	0
1591.505776	1.179	0.0116	15.81	0.0107	0	0
1591.526609	1.169	0.0116	15.82	0.0108	0	0
1591.547442	1.175	0.0116	15.814	0.0107	0	0
1591.568276	1.107	0.0116	15.879	0.0114	0	0
1591.589109	1.16	0.0116	15.828	0.0109	0	0
1591.609942	1.177	0.0116	15.812	0.0107	0	0
1591.630776	1.157	0.0116	15.831	0.0109	0	0
1591.651609	1.14	0.0116	15.847	0.0111	0	0
1591.672442	1.167	0.0116	15.821	0.0108	0	0
1591.693276	1.198	0.0116	15.792	0.0105	0	0
1591.714109	1.171	0.0116	15.817	0.0108	0	0
1591.734942	1.172	0.0116	15.817	0.0108	0	0
1591.755776	1.169	0.0116	15.819	0.0108	0	0
1591.776609	1.167	0.0116	15.821	0.0108	0	0
1591.797442	1.162	0.0116	15.826	0.0109	0	0
1591.818276	1.179	0.0116	15.81	0.0107	0	0
1591.839109	1.151	0.0117	15.836	0.011	0	0
1591.859942	1.158	0.0116	15.83	0.0109	0	0
1591.880776	1.185	0.0116	15.804	0.0107	0	0
1591.901609	1.174	0.0116	15.815	0.0108	0	0
1591.922442	1.209	0.0117	15.783	0.0105	0	0
1591.943276	1.201	0.0116	15.79	0.0105	0	0
1591.964109	1.222	0.0117	15.771	0.0104	0	0
1591.984942	1.18	0.0117	15.81	0.0107	0	0
1592.005775	1.16	0.0116	15.828	0.0109	0	0
1592.026609	1.222	0.0117	15.771	0.0104	0	0
1592.047442	1.189	0.0117	15.801	0.0106	0	0
1592.068275	1.151	0.0117	15.836	0.011	0	0
1592.089109	1.163	0.0117	15.825	0.0109	0	0
1592.109942	1.15	0.0117	15.837	0.011	0	0
1592.130775	1.185	0.0117	15.805	0.0107	0	0
1592.151609	1.153	0.0117	15.834	0.011	0	0
1592.193275	1.185	0.0116	15.805	0.0107	0	0
1592.214109	1.168	0.0117	15.82	0.0108	0	0
1592.234942	1.183	0.0116	15.806	0.0107	0	0
1592.255775	1.176	0.0116	15.813	0.0107	0	0
1592.276608	1.187	0.0117	15.802	0.0107	0	0
1592.297442	1.144	0.0116	15.843	0.011	0	0
1592.318275	1.197	0.0116	15.794	0.0105	0	0
1592.339108	1.171	0.0116	15.817	0.0108	0	0
1592.359942	1.169	0.0117	15.819	0.0108	0	0
1592.380775	1.166	0.0116	15.822	0.0108	0	0
1592.401608	1.169	0.0117	15.819	0.0108	0	0
1592.422442	1.166	0.0117	15.822	0.0109	0	0
1592.443275	1.143	0.0117	15.844	0.0111	0	0
1592.464108	1.179	0.0117	15.81	0.0107	0	0
1592.484942	1.158	0.0117	15.83	0.011	0	0
1592.505775	1.144	0.0117	15.843	0.0111	0	0
1592.526608	1.158	0.0117	15.829	0.0109	0	0
1592.568275	1.173	0.0117	15.815	0.0108	0	0
1592.589108	1.119	0.0117	15.867	0.0113	0	0
1592.609941	1.081	0.0117	15.904	0.0117	0	0
1592.630775	1.14	0.0117	15.846	0.0111	0	0
1592.651608	1.159	0.0117	15.829	0.011	0	0
1592.672441	1.13	0.0117	15.856	0.0112	0	0
1592.693274	1.117	0.0117	15.869	0.0114	0	0
1592.714108	1.176	0.0117	15.813	0.0108	0	0
1592.734941	1.162	0.0117	15.826	0.0109	0	0
1592.755774	1.155	0.0117	15.832	0.011	0	0
1592.776608	1.187	0.0117	15.803	0.0107	0	0
1592.797441	1.17	0.0117	15.818	0.0109	0	0
1592.818274	1.155	0.0117	15.832	0.011	0	0
1592.839107	1.167	0.0117	15.821	0.0109	0	0
1592.859941	1.145	0.0117	15.842	0.0111	0	0
1592.901607	1.155	0.0117	15.832	0.011	0	0
1592.922441	1.172	0.0117	15.816	0.0108	0	0
1592.943274	1.182	0.0117	15.807	0.0108	0	0
1592.964107	1.17	0.0117	15.818	0.0108	0	0
1593.005774	1.192	0.0117	15.798	0.0107	0	0
1593.026607	1.113	0.0117	15.872	0.0114	0	0
1593.04744	1.169	0.0117	15.819	0.0109	0	0
1593.068273	1.156	0.0117	15.831	0.011	0	0
1593.089107	1.142	0.0117	15.845	0.0111	0	0
1593.10994	1.122	0.0117	15.864	0.0113	0	0
1593.130773	1.101	0.0117	15.885	0.0115	0	0
1593.151607	1.078	0.0117	15.907	0.0118	0	0
1593.17244	1.18	0.0117	15.809	0.0108	0	0
1593.193273	1.144	0.0117	15.843	0.0111	0	0
1593.214106	1.165	0.0117	15.824	0.0109	0	0
1593.23494	1.186	0.0117	15.804	0.0107	0	0
1593.255773	1.132	0.0117	15.854	0.0112	0	0
1593.276606	1.156	0.0117	15.831	0.011	0	0
1593.297439	1.181	0.0117	15.808	0.0108	0	0
1593.318273	1.165	0.0117	15.823	0.0109	0	0
1593.339106	1.117	0.0117	15.869	0.0113	0	0
1593.359939	1.14	0.0117	15.847	0.0111	0	0
1593.380772	1.114	0.0117	15.872	0.0114	0	0
1593.401606	1.166	0.0117	15.822	0.0109	0	0
1593.422439	1.122	0.0117	15.864	0.0113	0	0
1593.443272	1.157	0.0117	15.83	0.011	0	0
1593.464105	1.128	0.0117	15.858	0.0112	0	0
1593.484939	1.176	0.0117	15.813	0.0108	0	0
1593.505772	1.168	0.0117	15.82	0.0109	0	0
1593.526605	1.134	0.0117	15.853	0.0112	0	0
1593.547438	1.189	0.0117	15.801	0.0107	0	0
1593.589105	1.147	0.0117	15.84	0.0111	0	0
1593.609938	1.179	0.0117	15.81	0.0108	0	0
1593.630771	1.174	0.0117	15.815	0.0108	0	0
1593.651605	1.162	0.0117	15.826	0.0109	0	0
1593.672438	1.194	0.0117	15.796	0.0106	0	0
1593.693271	1.121	0.0117	15.864	0.0113	0	0
1593.714104	1.118	0.0117	15.868	0.0114	0	0
1593.734938	1.221	0.0117	15.772	0.0104	0	0
1593.755771	1.176	0.0117	15.812	0.0108	0	0
1593.776604	1.178	0.0117	15.811	0.0108	0	0
1593.797437	1.209	0.0117	15.782	0.0105	0	0
1593.839104	1.111	0.0117	15.875	0.0114	0	0
1593.859937	1.136	0.0117	15.85	0.0112	0	0
1593.88077	1.144	0.0117	15.843	0.0111	0	0
1593.901604	1.171	0.0117	15.817	0.0109	0	0
1593.922437	1.176	0.0117	15.813	0.0108	0	0
1593.94327	1.147	0.0117	15.84	0.0111	0	0
1593.964103	1.152	0.0117	15.835	0.011	0	0
1593.984936	1.162	0.0117	15.826	0.0109	0	0
1594.00577	1.173	0.0117	15.816	0.0108	0	0
1594.026603	1.156	0.0117	15.831	0.011	0	0
1594.047436	1.149	0.0117	15.838	0.0111	0	0
1594.068269	1.147	0.0117	15.84	0.0111	0	0
1594.089103	1.134	0.0117	15.852	0.0112	0	0
1594.109936	1.143	0.0117	15.844	0.0111	0	0
1594.130769	1.145	0.0117	15.842	0.0111	0	0
1594.151602	1.157	0.0117	15.831	0.011	0	0
1594.172435	1.126	0.0117	15.86	0.0113	0	0
1594.214102	1.12	0.0117	15.866	0.0114	0	0
1594.234935	1.111	0.0117	15.875	0.0114	0	0
1594.255768	1.16	0.0117	15.828	0.011	0	0
1594.276601	1.153	0.0117	15.834	0.011	0	0
1594.297435	1.148	0.0117	15.839	0.0111	0	0
1594.318268	1.159	0.0117	15.829	0.011	0	0
1594.339101	1.136	0.0117	15.851	0.0112	0	0
1594.359934	1.163	0.0117	15.825	0.0109	0	0
1594.380768	1.123	0.0117	15.862	0.0113	0	0
1594.401601	1.153	0.0117	15.834	0.011	0	0
1594.422434	1.141	0.0117	15.846	0.0112	0	0
1594.443267	1.148	0.0117	15.839	0.0111	0	0
1594.4641	1.158	0.0117	15.83	0.011	0	0
1594.484933	1.171	0.0117	15.817	0.0109	0	0
1594.505767	1.127	0.0117	15.859	0.0113	0	0
1594.5266	1.206	0.0117	15.785	0.0106	0	0
1594.547433	1.182	0.0117	15.808	0.0108	0	0
1594.568266	1.147	0.0117	15.84	0.0111	0	0
1594.589099	1.118	0.0117	15.868	0.0114	0	0
1594.609933	1.151	0.0117	15.836	0.011	0	0
1594.630766	1.146	0.0117	15.841	0.0111	0	0
1594.651599	1.114	0.0117	15.872	0.0114	0	0
1594.672432	1.132	0.0117	15.854	0.0112	0	0
1594.693265	1.096	0.0117	15.89	0.0116	0	0
1594.714099	1.112	0.0117	15.874	0.0114	0	0
1594.734932	1.135	0.0117	15.851	0.0112	0	0
1594.755765	1.116	0.0117	15.87	0.0114	0	0
1594.776598	1.153	0.0117	15.835	0.0111	0	0
1594.797431	1.115	0.0117	15.87	0.0114	0	0
1594.818264	1.112	0.0117	15.874	0.0115	0	0
1594.839098	1.095	0.0117	15.89	0.0116	0	0
1594.859931	1.099	0.0117	15.886	0.0116	0	0
1594.880764	1.146	0.0117	15.841	0.0111	0	0
1594.901597	1.102	0.0117	15.883	0.0116	0	0
1594.92243	1.06	0.0117	15.926	0.012	0	0
1594.943263	1.067	0.0117	15.919	0.0119	0	0
1594.964096	1.122	0.0117	15.864	0.0114	0	0
1594.98493	1.151	0.0117	15.836	0.0111	0	0
1595.005763	1.12	0.0117	15.866	0.0114	0	0
1595.026596	1.108	0.0117	15.878	0.0115	0	0
1595.047429	1.14	0.0117	15.846	0.0112	0	0
1595.068262	1.136	0.0117	15.851	0.0112	0	0
1595.089095	1.125	0.0117	15.861	0.0113	0	0
1595.109929	1.123	0.0117	15.863	0.0114	0	0
1595.130762	1.086	0.0117	15.899	0.0117	0	0
1595.151595	1.116	0.0117	15.87	0.0114	0	0
1595.172428	1.102	0.0117	15.883	0.0116	0	0
1595.193261	1.112	0.0117	15.873	0.0115	0	0
1595.214094	1.135	0.0117	15.851	0.0112	0	0
1595.234927	1.109	0.0117	15.877	0.0115	0	0
1595.25576	1.111	0.0117	15.875	0.0115	0	0
1595.297427	1.129	0.0118	15.857	0.0113	0	0
1595.31826	1.113	0.0118	15.873	0.0115	0	0
1595.339093	1.119	0.0118	15.867	0.0114	0	0
1595.359926	1.131	0.0118	15.855	0.0113	0	0
1595.380759	1.118	0.0117	15.867	0.0114	0	0
1595.401592	1.079	0.0118	15.906	0.0118	0	0
1595.422425	1.133	0.0118	15.853	0.0113	0	0
1595.443258	1.106	0.0118	15.879	0.0116	0	0
1595.464091	1.1	0.0118	15.885	0.0116	0	0
1595.484925	1.132	0.0118	15.854	0.0113	0	0
1595.505758	1.112	0.0118	15.873	0.0115	0	0
1595.526591	1.103	0.0118	15.882	0.0116	0	0
1595.547424	1.071	0.0118	15.914	0.012	0	0
1595.568257	1.151	0.0118	15.836	0.0112	0	0
1595.58909	1.094	0.0118	15.891	0.0117	0	0
1595.609923	1.11	0.0118	15.875	0.0116	0	0
1595.630756	1.093	0.0118	15.892	0.0117	0	0
1595.651589	1.151	0.0118	15.836	0.0112	0	0
