1326.7	0	0	0	0	0	0
1326.714365	0.048	0.0161	19.295	0.3821	0	99
1326.756033	0.05	0.016	19.234	0.3574	0	99
1326.818535	0.034	0.0161	19.657	0.555	0	99
1326.839369	0.061	0.0161	19.027	0.2931	0	99
1326.881036	0.038	0.0159	19.552	0.491	0	99
1326.90187	0.07	0.0158	18.873	0.2482	0	99
1326.985206	0.055	0.0153	19.138	0.3091	0	99
1327.026874	0.045	0.0152	19.347	0.3783	0	0
1327.047707	0.091	0.0152	18.591	0.1832	0	0
1327.068541	0.019	0.0152	20.272	1.1576	0	0
1327.089375	0.019	0.0153	20.308	1.242	0	0
1327.131043	0.051	0.0153	19.23	0.3396	0	0
1327.151877	0.016	0.0153	20.456	1.8728	0	0
1327.172711	0.048	0.0153	19.281	0.3558	0	0
1327.193545	0.056	0.0152	19.121	0.3027	0	0
1327.214378	0.079	0.0151	18.745	0.2105	0	0
1327.235212	0.022	0.015	20.152	0.9331	0	0
1327.256046	0.068	0.0149	18.912	0.2429	0	0
1327.27688	0.105	0.0147	18.438	0.1537	0	0
1327.297714	0.106	0.0147	18.429	0.1516	0	0
1327.318548	0.065	0.0146	18.952	0.2472	0	0
1327.339382	0.046	0.0146	19.33	0.3556	0	0
1327.360215	0.038	0.0145	19.542	0.4393	0	0
1327.381049	0.078	0.0145	18.755	0.204	0	0
1327.401883	0.036	0.0145	19.611	0.4714	0	0
1327.422717	0.097	0.0146	18.527	0.166	0	0
1327.443551	0.092	0.0147	18.575	0.1747	0	0
1327.464385	0.112	0.0148	18.365	0.1442	0	0
1327.485219	0.104	0.0148	18.442	0.1553	0	0
1327.506052	0.1	0.0149	18.488	0.1631	0	0
1327.526886	0.043	0.015	19.393	0.3902	0	0
1327.54772	0.068	0.0151	18.911	0.246	0	0
1327.568554	0.088	0.0152	18.627	0.1893	0	0
1327.589388	0.096	0.0153	18.53	0.1735	0	0
1327.610222	0.149	0.0153	18.056	0.1116	0	0
1327.631056	0.115	0.0152	18.34	0.1451	0	0
1327.651889	0.213	0.0152	17.668	0.0776	0	0
1327.672723	0.117	0.0152	18.319	0.1415	0	0
1327.693557	0.093	0.0151	18.563	0.1774	0	0
1327.714391	0.11	0.0151	18.383	0.1497	0	0
1327.735225	0.078	0.0151	18.76	0.2132	0	0
1327.756059	0.086	0.0151	18.656	0.1928	0	0
1327.776893	0.128	0.0151	18.225	0.1288	0	0
1327.797726	0.148	0.015	18.062	0.1105	0	0
1327.81856	0.106	0.015	18.429	0.155	0	0
1327.860228	0.134	0.0148	18.174	0.1211	0	0
1327.881062	0.144	0.0148	18.091	0.1116	0	0
1327.901896	0.153	0.0147	18.027	0.1045	0	0
1327.92273	0.165	0.0146	17.947	0.0963	0	0
1327.943563	0.162	0.0144	17.962	0.0968	0	0
1327.964397	0.132	0.0143	18.191	0.1189	0	0
1327.985231	0.167	0.0143	17.931	0.0928	0	0
1328.006065	0.209	0.0142	17.691	0.074	0	0
1328.026899	0.192	0.0142	17.779	0.0802	0	0
1328.047733	0.17	0.0142	17.916	0.0909	0	0
1328.068566	0.151	0.0142	18.043	0.1024	0	0
1328.0894	0.154	0.0142	18.017	0.1	0	0
1328.110234	0.138	0.0142	18.136	0.1117	0	0
1328.131068	0.165	0.0142	17.943	0.0933	0	0
1328.151902	0.15	0.0141	18.051	0.1028	0	0
1328.172736	0.191	0.0141	17.788	0.0805	0	0
1328.19357	0.18	0.014	17.853	0.085	0	0
1328.214403	0.193	0.014	17.776	0.079	0	0
1328.235237	0.165	0.0139	17.948	0.0922	0	0
1328.256071	0.151	0.0139	18.041	0.1001	0	0
1328.276905	0.222	0.0138	17.622	0.0677	0	0
1328.297739	0.247	0.0138	17.507	0.0606	0	0
1328.318573	0.236	0.0137	17.556	0.0631	0	0
1328.339406	0.245	0.0137	17.517	0.0607	0	0
1328.36024	0.256	0.0136	17.467	0.0578	0	0
1328.381074	0.233	0.0136	17.572	0.0636	0	0
1328.401908	0.208	0.0136	17.691	0.071	0	0
1328.422742	0.247	0.0136	17.507	0.0599	0	0
1328.443576	0.176	0.0136	17.876	0.0841	0	0
1328.464409	0.226	0.0136	17.604	0.0655	0	0
1328.485243	0.286	0.0137	17.346	0.0518	0	0
1328.506077	0.244	0.0137	17.519	0.0609	0	0
1328.526911	0.276	0.0138	17.385	0.0541	0	0
1328.547745	0.262	0.0138	17.443	0.0572	0	0
1328.568579	0.247	0.0138	17.508	0.0609	0	0
1328.589412	0.281	0.0139	17.366	0.0535	0	0
1328.610246	0.287	0.0139	17.342	0.0524	0	0
1328.63108	0.307	0.0138	17.273	0.049	0	0
1328.651914	0.241	0.0138	17.535	0.0623	0	0
1328.672748	0.346	0.0138	17.141	0.0432	0	0
1328.693582	0.327	0.0137	17.203	0.0457	0	0
1328.714415	0.369	0.0137	17.07	0.0404	0	0
1328.735249	0.32	0.0137	17.225	0.0465	0	0
1328.756083	0.3	0.0137	17.295	0.0495	0	0
1328.776917	0.27	0.0137	17.412	0.0551	0	0
1328.797751	0.319	0.0137	17.231	0.0466	0	0
1328.818585	0.309	0.0136	17.265	0.0479	0	0
1328.839419	0.361	0.0136	17.096	0.0409	0	0
1328.860252	0.322	0.0135	17.22	0.0457	0	0
1328.881086	0.356	0.0135	17.11	0.0411	0	0
1328.90192	0.349	0.0134	17.131	0.0417	0	0
1328.922754	0.407	0.0133	16.966	0.0356	0	0
1328.943588	0.351	0.0132	17.127	0.0411	0	0
1328.964422	0.371	0.0132	17.065	0.0386	0	0
1328.985256	0.346	0.0131	17.142	0.0412	0	0
1329.006089	0.357	0.0131	17.109	0.0398	0	0
1329.026923	0.438	0.0131	16.886	0.0324	0	0
1329.047757	0.359	0.013	17.1	0.0394	0	0
1329.068591	0.41	0.0131	16.958	0.0346	0	0
1329.089425	0.41	0.0131	16.958	0.0346	0	0
1329.110259	0.44	0.0131	16.881	0.0323	0	0
1329.131093	0.424	0.0131	16.92	0.0335	0	0
1329.151926	0.371	0.0131	17.066	0.0383	0	0
1329.17276	0.359	0.013	17.102	0.0395	0	0
1329.193594	0.427	0.0131	16.913	0.0332	0	0
1329.214428	0.436	0.013	16.89	0.0324	0	0
1329.235262	0.422	0.013	16.927	0.0334	0	0
1329.256096	0.415	0.0129	16.943	0.0338	0	0
1329.27693	0.433	0.0129	16.897	0.0323	0	0
1329.297763	0.453	0.0128	16.85	0.0308	0	0
1329.318597	0.416	0.0128	16.94	0.0334	0	0
1329.339431	0.496	0.0128	16.749	0.0279	0	0
1329.360265	0.436	0.0127	16.889	0.0316	0	0
1329.381099	0.473	0.0127	16.802	0.0292	0	0
1329.401933	0.456	0.0127	16.841	0.0302	0	0
1329.422767	0.522	0.0127	16.696	0.0264	0	0
1329.4436	0.468	0.0127	16.814	0.0294	0	0
1329.464434	0.509	0.0127	16.721	0.0271	0	0
1329.485268	0.473	0.0127	16.801	0.0291	0	0
1329.506102	0.431	0.0127	16.902	0.032	0	0
1329.526936	0.512	0.0128	16.715	0.027	0	0
1329.54777	0.474	0.0128	16.8	0.0293	0	0
1329.568604	0.509	0.0128	16.723	0.0273	0	0
1329.589437	0.46	0.0128	16.832	0.0303	0	0
1329.610271	0.488	0.0128	16.767	0.0285	0	0
1329.631105	0.512	0.0128	16.716	0.0272	0	0
1329.651939	0.535	0.0128	16.669	0.0261	0	0
1329.672773	0.497	0.0128	16.747	0.0279	0	0
1329.693607	0.516	0.0128	16.708	0.0269	0	0
1329.71444	0.487	0.0128	16.771	0.0285	0	0
1329.735274	0.541	0.0128	16.656	0.0256	0	0
1329.756108	0.494	0.0127	16.756	0.028	0	0
1329.776942	0.511	0.0127	16.718	0.0271	0	0
1329.797776	0.538	0.0127	16.663	0.0257	0	0
1329.81861	0.507	0.0127	16.725	0.0272	0	0
1329.839443	0.568	0.0127	16.602	0.0243	0	0
1329.860277	0.489	0.0127	16.765	0.0281	0	0
1329.881111	0.494	0.0126	16.754	0.0277	0	0
1329.901945	0.537	0.0126	16.664	0.0254	0	0
1329.922779	0.546	0.0125	16.646	0.0249	0	0
1329.943613	0.543	0.0125	16.652	0.025	0	0
1329.964447	0.501	0.0124	16.739	0.027	0	0
1329.98528	0.536	0.0125	16.667	0.0253	0	0
1330.006114	0.51	0.0124	16.72	0.0264	0	0
1330.026948	0.556	0.0124	16.627	0.0242	0	0
1330.047782	0.525	0.0124	16.688	0.0256	0	0
1330.068616	0.516	0.0124	16.706	0.0261	0	0
1330.08945	0.556	0.0124	16.626	0.0242	0	0
1330.110283	0.526	0.0124	16.687	0.0255	0	0
1330.131117	0.58	0.0124	16.58	0.0231	0	0
1330.151951	0.569	0.0124	16.6	0.0236	0	0
1330.172785	0.589	0.0124	16.563	0.0228	0	0
1330.193619	0.587	0.0124	16.567	0.0229	0	0
1330.214453	0.568	0.0124	16.603	0.0236	0	0
1330.235286	0.565	0.0123	16.608	0.0237	0	0
1330.25612	0.539	0.0123	16.66	0.0248	0	0
1330.276954	0.55	0.0123	16.639	0.0242	0	0
1330.297788	0.556	0.0122	16.626	0.0239	0	0
1330.318622	0.54	0.0122	16.658	0.0245	0	0
1330.360289	0.555	0.0121	16.628	0.0237	0	0
1330.381123	0.593	0.0121	16.557	0.0222	0	0
1330.401957	0.605	0.0121	16.534	0.0217	0	0
1330.422791	0.587	0.0121	16.567	0.0223	0	0
1330.443625	0.572	0.0121	16.595	0.0229	0	0
1330.464458	0.616	0.012	16.515	0.0212	0	0
1330.485292	0.569	0.012	16.601	0.023	0	0
1330.506126	0.523	0.0121	16.693	0.025	0	0
1330.52696	0.585	0.0121	16.572	0.0224	0	0
1330.547794	0.603	0.0121	16.538	0.0218	0	0
1330.568628	0.584	0.0121	16.573	0.0226	0	0
1330.589461	0.6	0.0121	16.544	0.022	0	0
1330.610295	0.615	0.0122	16.517	0.0215	0	0
1330.631129	0.619	0.0122	16.509	0.0214	0	0
1330.651963	0.628	0.0122	16.493	0.021	0	0
1330.672797	0.609	0.0122	16.527	0.0217	0	0
1330.693631	0.587	0.0121	16.568	0.0225	0	0
1330.714464	0.585	0.0121	16.571	0.0225	0	0
1330.735298	0.542	0.0121	16.655	0.0243	0	0
1330.756132	0.629	0.0121	16.492	0.0209	0	0
1330.776966	0.571	0.0121	16.597	0.023	0	0
1330.7978	0.595	0.0121	16.552	0.0221	0	0
1330.818633	0.563	0.0121	16.612	0.0233	0	0
1330.839467	0.579	0.0121	16.583	0.0226	0	0
1330.860301	0.545	0.0121	16.647	0.024	0	0
1330.881135	0.568	0.012	16.602	0.023	0	0
1330.901969	0.588	0.012	16.566	0.0222	0	0
1330.922803	0.574	0.012	16.591	0.0226	0	0
1330.943636	0.604	0.012	16.536	0.0215	0	0
1330.96447	0.597	0.0119	16.548	0.0217	0	0
1330.985304	0.581	0.0119	16.578	0.0222	0	0
1331.006138	0.6	0.0119	16.543	0.0215	0	0
1331.026972	0.609	0.0119	16.526	0.0212	0	0
1331.047805	0.608	0.0119	16.529	0.0212	0	0
1331.068639	0.583	0.0119	16.574	0.0221	0	0
1331.089473	0.556	0.0119	16.626	0.0232	0	0
1331.110307	0.604	0.0119	16.536	0.0214	0	0
1331.131141	0.608	0.0119	16.528	0.0212	0	0
1331.151974	0.596	0.0119	16.551	0.0217	0	0
1331.172808	0.598	0.0119	16.548	0.0216	0	0
1331.193642	0.607	0.0119	16.531	0.0213	0	0
1331.214476	0.55	0.0119	16.638	0.0234	0	0
1331.23531	0.598	0.0119	16.546	0.0215	0	0
1331.256144	0.634	0.0118	16.484	0.0203	0	0
1331.276977	0.599	0.0118	16.546	0.0214	0	0
1331.297811	0.613	0.0118	16.521	0.0209	0	0
1331.318645	0.622	0.0118	16.505	0.0205	0	0
1331.339479	0.632	0.0117	16.486	0.0201	0	0
1331.360313	0.619	0.0117	16.509	0.0205	0	0
1331.381146	0.625	0.0117	16.499	0.0203	0	0
1331.40198	0.607	0.0117	16.531	0.0209	0	0
1331.422814	0.626	0.0117	16.497	0.0202	0	0
1331.443648	0.636	0.0117	16.48	0.0199	0	0
1331.464482	0.644	0.0117	16.467	0.0197	0	0
1331.485315	0.61	0.0116	16.526	0.0207	0	0
1331.506149	0.633	0.0117	16.486	0.02	0	0
1331.526983	0.621	0.0117	16.506	0.0204	0	0
1331.547817	0.594	0.0117	16.554	0.0214	0	0
1331.568651	0.583	0.0117	16.575	0.0218	0	0
1331.589484	0.619	0.0117	16.51	0.0206	0	0
1331.610318	0.638	0.0118	16.476	0.02	0	0
1331.631152	0.612	0.0117	16.521	0.0208	0	0
1331.651986	0.61	0.0118	16.526	0.0209	0	0
1331.67282	0.626	0.0118	16.497	0.0204	0	0
1331.693653	0.622	0.0118	16.505	0.0205	0	0
1331.714487	0.636	0.0117	16.48	0.0201	0	0
1331.735321	0.604	0.0117	16.536	0.0211	0	0
1331.756155	0.639	0.0117	16.475	0.0199	0	0
1331.776989	0.636	0.0117	16.48	0.02	0	0
1331.797822	0.639	0.0117	16.475	0.0199	0	0
1331.818656	0.629	0.0117	16.492	0.0202	0	0
1331.83949	0.67	0.0117	16.423	0.019	0	0
1331.860324	0.691	0.0117	16.39	0.0184	0	0
1331.881158	0.624	0.0117	16.5	0.0203	0	0
1331.901991	0.643	0.0117	16.468	0.0197	0	0
1331.922825	0.646	0.0117	16.463	0.0196	0	0
1331.943659	0.644	0.0117	16.466	0.0196	0	0
1331.964493	0.634	0.0116	16.484	0.0199	0	0
1331.985327	0.612	0.0116	16.522	0.0206	0	0
1332.00616	0.586	0.0116	16.568	0.0215	0	0
1332.026994	0.64	0.0116	16.474	0.0197	0	0
1332.047828	0.692	0.0116	16.388	0.0182	0	0
1332.068662	0.668	0.0116	16.427	0.0189	0	0
1332.089495	0.679	0.0116	16.409	0.0186	0	0
1332.110329	0.668	0.0116	16.428	0.0189	0	0
1332.131163	0.684	0.0116	16.401	0.0184	0	0
1332.151997	0.68	0.0116	16.407	0.0185	0	0
1332.172831	0.665	0.0116	16.431	0.019	0	0
1332.193664	0.689	0.0116	16.394	0.0183	0	0
1332.214498	0.65	0.0116	16.457	0.0194	0	0
1332.235332	0.684	0.0116	16.401	0.0184	0	0
1332.256166	0.687	0.0116	16.396	0.0183	0	0
1332.277	0.678	0.0116	16.41	0.0185	0	0
1332.297833	0.679	0.0116	16.409	0.0185	0	0
1332.318667	0.656	0.0115	16.446	0.0191	0	0
1332.339501	0.66	0.0115	16.44	0.0189	0	0
1332.360335	0.705	0.0115	16.369	0.0177	0	0
1332.381168	0.711	0.0115	16.36	0.0175	0	0
1332.402002	0.706	0.0115	16.367	0.0177	0	0
1332.422836	0.682	0.0115	16.405	0.0183	0	0
1332.44367	0.675	0.0114	16.416	0.0184	0	0
1332.464504	0.703	0.0114	16.372	0.0177	0	0
1332.485337	0.65	0.0114	16.456	0.0191	0	0
1332.506171	0.719	0.0115	16.347	0.0173	0	0
1332.527005	0.73	0.0115	16.331	0.0171	0	0
1332.547839	0.681	0.0115	16.407	0.0183	0	0
1332.568673	0.715	0.0115	16.353	0.0175	0	0
1332.589506	0.722	0.0115	16.342	0.0173	0	0
1332.61034	0.738	0.0115	16.319	0.017	0	0
1332.631174	0.7	0.0115	16.376	0.0179	0	0
1332.652008	0.682	0.0115	16.405	0.0184	0	0
1332.672841	0.722	0.0115	16.343	0.0174	0	0
1332.693675	0.676	0.0115	16.415	0.0185	0	0
1332.714509	0.696	0.0115	16.383	0.018	0	0
1332.735343	0.713	0.0115	16.356	0.0176	0	0
1332.756176	0.697	0.0115	16.381	0.0179	0	0
1332.77701	0.742	0.0115	16.313	0.0168	0	0
1332.797844	0.713	0.0115	16.356	0.0175	0	0
1332.818678	0.707	0.0115	16.366	0.0177	0	0
1332.860345	0.717	0.0115	16.351	0.0174	0	0
1332.881179	0.734	0.0115	16.324	0.017	0	0
1332.902013	0.755	0.0115	16.294	0.0165	0	0
1332.922847	0.707	0.0114	16.366	0.0176	0	0
1332.94368	0.728	0.0114	16.334	0.0171	0	0
1332.964514	0.724	0.0114	16.34	0.0172	0	0
1332.985348	0.711	0.0114	16.359	0.0175	0	0
1333.006182	0.677	0.0114	16.412	0.0183	0	0
1333.027016	0.743	0.0114	16.311	0.0167	0	0
1333.047849	0.716	0.0114	16.352	0.0173	0	0
1333.068683	0.694	0.0114	16.386	0.0179	0	0
1333.089517	0.726	0.0114	16.336	0.0171	0	0
1333.110351	0.72	0.0114	16.346	0.0172	0	0
1333.131184	0.711	0.0114	16.359	0.0174	0	0
1333.152018	0.696	0.0114	16.382	0.0178	0	0
1333.172852	0.698	0.0114	16.38	0.0178	0	0
1333.193686	0.742	0.0114	16.313	0.0168	0	0
1333.214519	0.7	0.0114	16.376	0.0177	0	0
1333.235353	0.701	0.0114	16.375	0.0177	0	0
1333.256187	0.74	0.0114	16.316	0.0168	0	0
1333.277021	0.73	0.0114	16.331	0.017	0	0
1333.297854	0.695	0.0114	16.385	0.0178	0	0
1333.318688	0.723	0.0114	16.341	0.0171	0	0
1333.339522	0.718	0.0114	16.348	0.0172	0	0
1333.360355	0.711	0.0114	16.359	0.0173	0	0
1333.381189	0.722	0.0113	16.342	0.0171	0	0
1333.402023	0.699	0.0113	16.378	0.0176	0	0
1333.422856	0.705	0.0113	16.369	0.0174	0	0
1333.44369	0.73	0.0113	16.331	0.0168	0	0
1333.464524	0.746	0.0113	16.307	0.0165	0	0
1333.485357	0.699	0.0113	16.378	0.0176	0	0
1333.506191	0.685	0.0113	16.4	0.0179	0	0
1333.527025	0.729	0.0113	16.332	0.0169	0	0
1333.547858	0.699	0.0113	16.378	0.0176	0	0
1333.568692	0.736	0.0114	16.321	0.0168	0	0
1333.589526	0.729	0.0114	16.332	0.0169	0	0
1333.610359	0.666	0.0114	16.431	0.0185	0	0
1333.631193	0.701	0.0114	16.375	0.0176	0	0
1333.652027	0.78	0.0114	16.259	0.0159	0	0
1333.67286	0.742	0.0114	16.313	0.0167	0	0
1333.693694	0.781	0.0114	16.257	0.0158	0	0
1333.714528	0.703	0.0114	16.371	0.0176	0	0
1333.735361	0.71	0.0114	16.36	0.0174	0	0
1333.756195	0.71	0.0114	16.361	0.0174	0	0
1333.777029	0.705	0.0114	16.369	0.0175	0	0
1333.797862	0.725	0.0114	16.338	0.017	0	0
1333.818696	0.696	0.0113	16.382	0.0177	0	0
1333.83953	0.742	0.0114	16.313	0.0166	0	0
1333.860363	0.766	0.0113	16.278	0.0161	0	0
1333.881197	0.754	0.0113	16.295	0.0163	0	0
1333.902031	0.722	0.0113	16.342	0.017	0	0
1333.922864	0.756	0.0113	16.293	0.0163	0	0
1333.943698	0.753	0.0113	16.297	0.0163	0	0
1333.964532	0.744	0.0113	16.31	0.0165	0	0
1333.985365	0.752	0.0113	16.298	0.0163	0	0
1334.006199	0.724	0.0113	16.34	0.017	0	0
1334.027033	0.762	0.0113	16.284	0.0161	0	0
1334.047866	0.695	0.0113	16.384	0.0176	0	0
1334.0687	0.722	0.0113	16.342	0.017	0	0
1334.089534	0.747	0.0113	16.306	0.0164	0	0
1334.110367	0.766	0.0113	16.278	0.016	0	0
1334.131201	0.756	0.0113	16.293	0.0162	0	0
1334.152035	0.767	0.0113	16.277	0.016	0	0
1334.172868	0.743	0.0113	16.311	0.0165	0	0
1334.193702	0.736	0.0113	16.321	0.0167	0	0
1334.214536	0.76	0.0113	16.287	0.0162	0	0
1334.235369	0.758	0.0113	16.29	0.0162	0	0
1334.256203	0.769	0.0113	16.274	0.0159	0	0
1334.277036	0.767	0.0113	16.277	0.016	0	0
1334.29787	0.782	0.0113	16.255	0.0157	0	0
1334.318704	0.75	0.0113	16.301	0.0163	0	0
1334.339537	0.772	0.0113	16.27	0.0158	0	0
1334.360371	0.773	0.0112	16.268	0.0158	0	0
1334.381205	0.734	0.0112	16.325	0.0166	0	0
1334.402038	0.778	0.0112	16.262	0.0157	0	0
1334.422872	0.748	0.0112	16.305	0.0163	0	0
1334.443706	0.768	0.0112	16.276	0.0158	0	0
1334.464539	0.771	0.0112	16.271	0.0158	0	0
1334.485373	0.753	0.0112	16.297	0.0161	0	0
1334.506207	0.715	0.0112	16.353	0.017	0	0
1334.52704	0.77	0.0112	16.272	0.0158	0	0
1334.547874	0.828	0.0112	16.194	0.0147	0	0
1334.568708	0.774	0.0112	16.267	0.0157	0	0
1334.589541	0.797	0.0112	16.236	0.0153	0	0
1334.610375	0.766	0.0112	16.278	0.0159	0	0
1334.631209	0.766	0.0112	16.278	0.0159	0	0
1334.652042	0.788	0.0112	16.247	0.0154	0	0
1334.672876	0.745	0.0112	16.308	0.0163	0	0
1334.693709	0.789	0.0112	16.246	0.0154	0	0
1334.714543	0.791	0.0112	16.244	0.0153	0	0
1334.735377	0.765	0.0112	16.28	0.0158	0	0
1334.75621	0.752	0.0112	16.298	0.0161	0	0
1334.777044	0.739	0.0111	16.317	0.0164	0	0
1334.797878	0.803	0.0111	16.227	0.0151	0	0
1334.818711	0.786	0.0111	16.25	0.0154	0	0
1334.839545	0.77	0.0111	16.273	0.0157	0	0
1334.860379	0.779	0.0111	16.26	0.0155	0	0
1334.881212	0.776	0.0111	16.264	0.0156	0	0
1334.902046	0.795	0.0111	16.238	0.0152	0	0
1334.92288	0.809	0.0111	16.219	0.0149	0	0
1334.943713	0.776	0.0111	16.265	0.0155	0	0
1334.964547	0.74	0.0111	16.316	0.0163	0	0
1334.98538	0.785	0.0112	16.252	0.0155	0	0
1335.006214	0.774	0.0111	16.267	0.0156	0	0
1335.027048	0.819	0.0111	16.205	0.0147	0	0
1335.047881	0.755	0.0111	16.294	0.0159	0	0
1335.068715	0.789	0.0111	16.246	0.0152	0	0
1335.089549	0.806	0.0111	16.223	0.0149	0	0
1335.110382	0.846	0.0111	16.17	0.0142	0	0
1335.131216	0.806	0.0111	16.223	0.0149	0	0
1335.15205	0.802	0.0111	16.228	0.015	0	0
1335.172883	0.812	0.0111	16.214	0.0148	0	0
1335.193717	0.796	0.0111	16.237	0.0151	0	0
1335.214551	0.767	0.0111	16.277	0.0157	0	0
1335.235384	0.783	0.0111	16.254	0.0153	0	0
1335.256218	0.775	0.011	16.265	0.0155	0	0
1335.277051	0.794	0.011	16.24	0.0151	0	0
1335.297885	0.772	0.011	16.269	0.0155	0	0
1335.318719	0.84	0.011	16.178	0.0143	0	0
1335.38122	0.803	0.011	16.227	0.0149	0	0
1335.402053	0.816	0.011	16.21	0.0146	0	0
1335.422887	0.848	0.011	16.168	0.0141	0	0
1335.443721	0.836	0.011	16.183	0.0143	0	0
1335.464554	0.812	0.011	16.215	0.0147	0	0
1335.485388	0.843	0.011	16.174	0.0141	0	0
1335.506221	0.811	0.011	16.216	0.0147	0	0
1335.527055	0.798	0.011	16.233	0.0149	0	0
1335.547889	0.777	0.011	16.263	0.0153	0	0
1335.568722	0.835	0.011	16.184	0.0143	0	0
1335.589556	0.88	0.011	16.127	0.0136	0	0
1335.61039	0.789	0.011	16.246	0.0151	0	0
1335.631223	0.779	0.011	16.26	0.0153	0	0
1335.652057	0.827	0.011	16.196	0.0144	0	0
1335.67289	0.794	0.011	16.24	0.015	0	0
1335.693724	0.762	0.011	16.284	0.0156	0	0
1335.714558	0.816	0.011	16.21	0.0146	0	0
1335.735391	0.795	0.011	16.238	0.015	0	0
1335.756225	0.844	0.011	16.173	0.0141	0	0
1335.777059	0.803	0.011	16.226	0.0148	0	0
1335.797892	0.775	0.0109	16.266	0.0153	0	0
1335.818726	0.823	0.011	16.2	0.0144	0	0
1335.839559	0.805	0.011	16.224	0.0148	0	0
1335.860393	0.838	0.011	16.18	0.0142	0	0
1335.881227	0.802	0.0109	16.229	0.0148	0	0
1335.90206	0.817	0.011	16.208	0.0146	0	0
1335.922894	0.809	0.011	16.219	0.0147	0	0
1335.943728	0.807	0.011	16.221	0.0147	0	0
1335.964561	0.835	0.011	16.185	0.0143	0	0
1335.985395	0.768	0.0109	16.276	0.0155	0	0
1336.006228	0.791	0.011	16.243	0.015	0	0
1336.027062	0.773	0.0109	16.269	0.0154	0	0
1336.047896	0.782	0.0109	16.256	0.0152	0	0
1336.068729	0.733	0.0109	16.326	0.0162	0	0
1336.089563	0.79	0.0109	16.245	0.015	0	0
1336.110397	0.795	0.011	16.238	0.015	0	0
1336.13123	0.786	0.011	16.25	0.0151	0	0
1336.152064	0.783	0.011	16.255	0.0152	0	0
1336.172897	0.802	0.011	16.228	0.0148	0	0
1336.193731	0.803	0.011	16.227	0.0148	0	0
1336.214565	0.825	0.011	16.197	0.0144	0	0
1336.235398	0.774	0.011	16.267	0.0154	0	0
1336.256232	0.785	0.011	16.252	0.0152	0	0
1336.277066	0.812	0.011	16.215	0.0146	0	0
1336.297899	0.809	0.011	16.219	0.0147	0	0
1336.318733	0.775	0.011	16.266	0.0153	0	0
1336.339566	0.796	0.011	16.237	0.0149	0	0
1336.3604	0.807	0.011	16.221	0.0147	0	0
1336.381234	0.791	0.011	16.243	0.015	0	0
1336.402067	0.782	0.011	16.256	0.0152	0	0
1336.422901	0.807	0.011	16.222	0.0147	0	0
1336.443735	0.808	0.011	16.221	0.0147	0	0
1336.464568	0.793	0.011	16.241	0.015	0	0
1336.485402	0.825	0.011	16.198	0.0144	0	0
1336.506236	0.778	0.011	16.261	0.0153	0	0
1336.527069	0.764	0.0109	16.282	0.0156	0	0
1336.547903	0.75	0.011	16.301	0.0158	0	0
1336.568737	0.821	0.011	16.203	0.0145	0	0
1336.58957	0.829	0.011	16.193	0.0144	0	0
1336.610404	0.788	0.011	16.247	0.0151	0	0
1336.631238	0.784	0.011	16.253	0.0152	0	0
1336.652071	0.789	0.011	16.246	0.0151	0	0
1336.672905	0.809	0.011	16.219	0.0147	0	0
1336.693739	0.767	0.011	16.277	0.0155	0	0
1336.714572	0.816	0.011	16.209	0.0146	0	0
1336.735406	0.796	0.011	16.237	0.015	0	0
1336.75624	0.816	0.011	16.209	0.0146	0	0
1336.777073	0.831	0.011	16.189	0.0143	0	0
1336.797907	0.783	0.011	16.254	0.0152	0	0
1336.818741	0.807	0.011	16.222	0.0148	0	0
1336.839574	0.804	0.011	16.226	0.0148	0	0
1336.860408	0.834	0.011	16.187	0.0143	0	0
1336.881242	0.808	0.011	16.22	0.0148	0	0
1336.902075	0.813	0.011	16.213	0.0146	0	0
1336.922909	0.806	0.011	16.223	0.0148	0	0
1336.943743	0.804	0.011	16.226	0.0148	0	0
1336.964576	0.821	0.011	16.203	0.0145	0	0
1336.98541	0.84	0.011	16.179	0.0142	0	0
1337.006244	0.865	0.011	16.146	0.0138	0	0
1337.027077	0.849	0.011	16.167	0.0141	0	0
1337.047911	0.842	0.011	16.176	0.0142	0	0
1337.068745	0.803	0.011	16.227	0.0148	0	0
1337.089578	0.799	0.011	16.233	0.0149	0	0
1337.110412	0.818	0.011	16.207	0.0146	0	0
1337.131246	0.804	0.011	16.226	0.0148	0	0
1337.152079	0.838	0.011	16.181	0.0142	0	0
1337.172913	0.81	0.011	16.218	0.0147	0	0
1337.193747	0.84	0.011	16.178	0.0142	0	0
1337.21458	0.83	0.011	16.191	0.0144	0	0
1337.235414	0.827	0.011	16.195	0.0144	0	0
1337.256248	0.881	0.011	16.127	0.0136	0	0
1337.277081	0.784	0.011	16.253	0.0152	0	0
1337.297915	0.814	0.011	16.212	0.0147	0	0
1337.318749	0.824	0.011	16.199	0.0145	0	0
1337.339582	0.817	0.011	16.208	0.0146	0	0
1337.360416	0.809	0.011	16.219	0.0148	0	0
1337.38125	0.819	0.011	16.206	0.0146	0	0
1337.402083	0.792	0.011	16.242	0.0151	0	0
1337.422917	0.85	0.011	16.165	0.014	0	0
1337.443751	0.793	0.011	16.241	0.0151	0	0
1337.464584	0.851	0.011	16.164	0.0141	0	0
1337.485418	0.841	0.011	16.177	0.0142	0	0
1337.506252	0.778	0.011	16.261	0.0153	0	0
1337.527085	0.84	0.011	16.178	0.0142	0	0
1337.547919	0.793	0.011	16.241	0.0151	0	0
1337.568753	0.821	0.011	16.203	0.0146	0	0
1337.589586	0.814	0.011	16.213	0.0147	0	0
1337.61042	0.805	0.011	16.224	0.0148	0	0
1337.631254	0.867	0.011	16.144	0.0138	0	0
1337.652087	0.83	0.011	16.191	0.0144	0	0
1337.672921	0.85	0.011	16.166	0.0141	0	0
1337.693755	0.841	0.011	16.177	0.0142	0	0
1337.714588	0.816	0.011	16.21	0.0147	0	0
1337.735422	0.822	0.011	16.202	0.0146	0	0
1337.756256	0.832	0.011	16.188	0.0144	0	0
1337.777089	0.8	0.011	16.231	0.015	0	0
1337.797923	0.799	0.011	16.232	0.015	0	0
1337.818756	0.865	0.011	16.146	0.0138	0	0
1337.860424	0.861	0.011	16.152	0.0139	0	0
1337.881257	0.791	0.011	16.243	0.0151	0	0
1337.902091	0.795	0.011	16.238	0.015	0	0
1337.922925	0.824	0.011	16.199	0.0145	0	0
1337.943758	0.822	0.011	16.201	0.0145	0	0
1337.964592	0.83	0.011	16.191	0.0144	0	0
1337.985426	0.836	0.011	16.183	0.0143	0	0
1338.006259	0.822	0.011	16.202	0.0145	0	0
1338.027093	0.829	0.011	16.192	0.0144	0	0
1338.047927	0.875	0.011	16.133	0.0137	0	0
1338.06876	0.838	0.011	16.181	0.0143	0	0
1338.089594	0.819	0.011	16.206	0.0146	0	0
1338.110428	0.81	0.011	16.218	0.0148	0	0
1338.131261	0.827	0.011	16.195	0.0145	0	0
1338.152095	0.815	0.011	16.21	0.0147	0	0
1338.172929	0.837	0.011	16.183	0.0143	0	0
1338.193762	0.797	0.011	16.235	0.015	0	0
1338.214596	0.823	0.011	16.2	0.0145	0	0
1338.23543	0.813	0.011	16.213	0.0147	0	0
1338.256263	0.807	0.011	16.222	0.0148	0	0
1338.277097	0.793	0.011	16.241	0.0151	0	0
1338.297931	0.819	0.011	16.205	0.0146	0	0
1338.318764	0.824	0.011	16.199	0.0145	0	0
1338.339598	0.824	0.011	16.199	0.0146	0	0
1338.360432	0.819	0.011	16.206	0.0146	0	0
1338.381265	0.845	0.011	16.172	0.0142	0	0
1338.402099	0.812	0.011	16.215	0.0147	0	0
1338.422932	0.792	0.011	16.242	0.0151	0	0
1338.443766	0.809	0.011	16.219	0.0148	0	0
1338.4646	0.827	0.011	16.195	0.0145	0	0
1338.485433	0.811	0.011	16.216	0.0148	0	0
1338.506267	0.802	0.011	16.228	0.0149	0	0
1339.672948	0.861	0.0111	16.151	0.014	0	0
1339.693781	0.789	0.0111	16.247	0.0153	0	0
1339.714615	0.852	0.0111	16.163	0.0142	0	0
1339.735448	0.807	0.0111	16.221	0.0149	0	0
1339.756281	0.829	0.0111	16.192	0.0145	0	0
1339.777115	0.866	0.0111	16.145	0.0139	0	0
1339.797948	0.809	0.0111	16.218	0.0149	0	0
1339.818782	0.826	0.0111	16.197	0.0146	0	0
1339.839615	0.823	0.0112	16.201	0.0147	0	0
1339.860449	0.821	0.0112	16.203	0.0148	0	0
1339.881282	0.828	0.0112	16.194	0.0148	0	0
1339.902116	0.82	0.0113	16.205	0.015	0	0
1339.922949	0.823	0.0114	16.2	0.015	0	0
1339.943783	0.778	0.0115	16.262	0.016	0	0
1339.964616	0.791	0.0116	16.244	0.0159	0	0
1339.98545	0.791	0.0117	16.244	0.0161	0	0
1340.006283	0.838	0.0118	16.181	0.0153	0	0
1340.027117	0.774	0.012	16.266	0.0168	0	0
1340.04795	0.788	0.0121	16.248	0.0167	0	0
1340.068783	0.761	0.0123	16.286	0.0176	0	0
1340.089617	0.762	0.0126	16.284	0.0179	0	0
1340.11045	0.76	0.0128	16.287	0.0182	0	0
1340.131284	0.769	0.013	16.275	0.0183	0	0
1340.152117	0.78	0.0132	16.259	0.0184	0	0
1340.172951	0.787	0.0134	16.249	0.0185	0	0
1340.193784	0.777	0.0136	16.263	0.019	0	0
1340.214618	0.796	0.0137	16.236	0.0187	0	0
1340.235451	0.77	0.0138	16.273	0.0195	0	0
1340.256284	0.796	0.0139	16.236	0.019	0	0
1340.277118	0.747	0.014	16.306	0.0204	0	0
1340.297951	0.758	0.014	16.29	0.0201	0	0
1340.318785	0.764	0.0141	16.281	0.02	0	0
1340.339618	0.765	0.0141	16.28	0.02	0	0
1340.360452	0.808	0.0141	16.22	0.019	0	0
1340.381285	0.757	0.0141	16.291	0.0203	0	0
1340.402119	0.789	0.0141	16.246	0.0195	0	0
1340.422952	0.793	0.0142	16.241	0.0194	0	0
1340.443785	0.778	0.0142	16.262	0.0198	0	0
1340.464619	0.808	0.0142	16.221	0.0191	0	0
1340.485452	0.745	0.0143	16.309	0.0208	0	0
1340.506286	0.756	0.0143	16.292	0.0206	0	0
1340.527119	0.747	0.0144	16.306	0.0209	0	0
1340.547952	0.76	0.0144	16.287	0.0205	0	0
1340.568786	0.796	0.0144	16.236	0.0196	0	0
1340.589619	0.778	0.0143	16.261	0.02	0	0
1340.610453	0.735	0.0143	16.323	0.0211	0	0
1340.631286	0.795	0.0142	16.237	0.0194	0	0
1340.65212	0.8	0.0142	16.231	0.0192	0	0
1340.672953	0.748	0.0141	16.304	0.0205	0	0
1340.693786	0.768	0.0141	16.275	0.0199	0	0
1340.71462	0.812	0.0141	16.216	0.0189	0	0
1340.735453	0.729	0.0141	16.332	0.0211	0	0
1340.756287	0.79	0.0142	16.245	0.0195	0	0
1340.77712	0.749	0.0143	16.303	0.0207	0	0
1340.797953	0.743	0.0144	16.311	0.021	0	0
1340.818787	0.782	0.0144	16.256	0.02	0	0
1340.83962	0.761	0.0144	16.285	0.0206	0	0
1340.860454	0.771	0.0144	16.272	0.0203	0	0
1340.881287	0.766	0.0144	16.278	0.0204	0	0
1340.902121	0.761	0.0144	16.285	0.0205	0	0
1340.922954	0.74	0.0143	16.315	0.021	0	0
1340.943787	0.748	0.0143	16.304	0.0207	0	0
1340.964621	0.758	0.0143	16.289	0.0204	0	0
1340.985454	0.732	0.0142	16.327	0.0211	0	0
1341.006288	0.776	0.0142	16.264	0.0199	0	0
1341.027121	0.832	0.0143	16.189	0.0187	0	0
1341.047954	0.728	0.0144	16.334	0.0214	0	0
1341.068788	0.736	0.0144	16.322	0.0213	0	0
1341.089621	0.729	0.0144	16.332	0.0215	0	0
1341.110455	0.728	0.0145	16.334	0.0216	0	0
1341.131288	0.77	0.0144	16.273	0.0204	0	0
1341.152121	0.783	0.0144	16.254	0.02	0	0
1341.172955	0.751	0.0143	16.299	0.0207	0	0
1341.193788	0.775	0.0144	16.265	0.0201	0	0
1341.214622	0.78	0.0143	16.259	0.02	0	0
1341.235455	0.768	0.0143	16.276	0.0203	0	0
1341.256288	0.768	0.0143	16.276	0.0202	0	0
1341.277122	0.751	0.0143	16.3	0.0207	0	0
1341.297955	0.773	0.0143	16.269	0.0201	0	0
1341.318789	0.776	0.0142	16.264	0.0199	0	0
1341.339622	0.791	0.0143	16.243	0.0196	0	0
1341.360455	0.756	0.0143	16.293	0.0205	0	0
1341.381289	0.76	0.0143	16.287	0.0205	0	0
1341.402122	0.748	0.0144	16.304	0.0209	0	0
1341.422955	0.761	0.0145	16.286	0.0207	0	0
1341.443789	0.789	0.0145	16.246	0.02	0	0
1341.464622	0.757	0.0146	16.292	0.0209	0	0
1341.485456	0.758	0.0146	16.29	0.021	0	0
1341.506289	0.77	0.0147	16.273	0.0208	0	0
1341.527122	0.722	0.0148	16.343	0.0223	0	0
1341.547956	0.743	0.0148	16.311	0.0217	0	0
1341.568789	0.721	0.0149	16.344	0.0224	0	0
1341.589623	0.719	0.0149	16.347	0.0225	0	0
1341.610456	0.765	0.0148	16.28	0.0211	0	0
1341.631289	0.744	0.0148	16.31	0.0216	0	0
1341.652123	0.756	0.0147	16.292	0.0212	0	0
1341.672956	0.757	0.0147	16.291	0.0211	0	0
1341.693789	0.796	0.0147	16.237	0.02	0	0
1341.714623	0.747	0.0146	16.305	0.0211	0	0
1341.735456	0.786	0.0145	16.25	0.02	0	0
1341.75629	0.751	0.0145	16.3	0.021	0	0
1341.777123	0.776	0.0145	16.265	0.0203	0	0
1341.797956	0.754	0.0145	16.296	0.0209	0	0
1341.81879	0.814	0.0145	16.213	0.0194	0	0
1341.839623	0.749	0.0145	16.303	0.0211	0	0
1341.860457	0.768	0.0145	16.276	0.0204	0	0
1341.88129	0.766	0.0144	16.279	0.0204	0	0
1341.902123	0.771	0.0143	16.271	0.0201	0	0
1341.922957	0.785	0.0142	16.252	0.0196	0	0
1341.94379	0.731	0.0141	16.328	0.0209	0	0
1341.964623	0.773	0.014	16.268	0.0197	0	0
1341.985457	0.751	0.0139	16.299	0.0201	0	0
1342.00629	0.791	0.0139	16.243	0.019	0	0
1342.027124	0.79	0.0139	16.245	0.0191	0	0
1342.047957	0.793	0.0139	16.241	0.0191	0	0
1342.06879	0.811	0.014	16.216	0.0188	0	0
1342.089624	0.759	0.0141	16.288	0.0201	0	0
1342.110457	0.711	0.0141	16.359	0.0215	0	0
1342.13129	0.769	0.0141	16.275	0.0199	0	0
1342.152124	0.733	0.0141	16.327	0.0209	0	0
1342.214624	0.744	0.0139	16.309	0.0203	0	0
1342.235457	0.762	0.0139	16.285	0.0198	0	0
1342.256291	0.731	0.0138	16.33	0.0205	0	0
1342.277124	0.756	0.0138	16.293	0.0198	0	0
1342.297957	0.762	0.0137	16.284	0.0195	0	0
1342.318791	0.802	0.0137	16.229	0.0185	0	0
1342.339624	0.739	0.0136	16.318	0.02	0	0
1342.360457	0.725	0.0136	16.338	0.0203	0	0
1342.381291	0.729	0.0136	16.332	0.0203	0	0
1342.402124	0.718	0.0136	16.349	0.0206	0	0
1342.422958	0.774	0.0137	16.267	0.0192	0	0
1342.443791	0.73	0.0137	16.33	0.0204	0	0
1342.464624	0.798	0.0138	16.233	0.0188	0	0
1342.485458	0.716	0.0138	16.352	0.021	0	0
1342.506291	0.751	0.0139	16.3	0.0201	0	0
1342.527124	0.771	0.014	16.271	0.0197	0	0
1342.547958	0.753	0.014	16.296	0.0202	0	0
1342.568791	0.742	0.0141	16.313	0.0206	0	0
1342.589624	0.737	0.0141	16.321	0.0207	0	0
1342.610458	0.731	0.0141	16.329	0.0209	0	0
1342.631291	0.767	0.0141	16.276	0.0199	0	0
1342.652124	0.71	0.014	16.361	0.0214	0	0
1342.672958	0.716	0.014	16.352	0.0212	0	0
1342.693791	0.753	0.0139	16.297	0.0201	0	0
1342.714625	0.725	0.0139	16.338	0.0208	0	0
1342.735458	0.74	0.0139	16.316	0.0203	0	0
1342.756291	0.684	0.0138	16.401	0.0219	0	0
1342.777125	0.726	0.0138	16.336	0.0206	0	0
1342.797958	0.71	0.0138	16.361	0.0211	0	0
1342.818791	0.789	0.0138	16.246	0.0189	0	0
1342.839625	0.742	0.0137	16.313	0.0201	0	0
1342.860458	0.751	0.0137	16.3	0.0198	0	0
1342.881291	0.725	0.0136	16.337	0.0204	0	0
1342.902125	0.763	0.0136	16.283	0.0194	0	0
1342.922958	0.731	0.0135	16.329	0.0201	0	0
1342.943791	0.761	0.0134	16.286	0.0192	0	0
1342.964625	0.747	0.0133	16.306	0.0194	0	0
1342.985458	0.725	0.0132	16.337	0.0198	0	0
1343.006292	0.722	0.0132	16.343	0.0198	0	0
1343.027125	0.717	0.0132	16.35	0.02	0	0
1343.047958	0.763	0.0132	16.282	0.0187	0	0
1343.068792	0.716	0.0132	16.351	0.02	0	0
1343.089625	0.733	0.0132	16.326	0.0195	0	0
1343.110458	0.724	0.0132	16.34	0.0198	0	0
1343.131292	0.693	0.0132	16.388	0.0207	0	0
1343.152125	0.75	0.0132	16.301	0.0192	0	0
1343.172958	0.722	0.0132	16.343	0.0199	0	0
1343.193792	0.728	0.0132	16.334	0.0197	0	0
1343.214625	0.724	0.0132	16.34	0.0197	0	0
1343.235458	0.765	0.0131	16.279	0.0186	0	0
1343.256292	0.737	0.0131	16.32	0.0192	0	0
1343.277125	0.743	0.013	16.311	0.019	0	0
1343.297958	0.712	0.0129	16.357	0.0197	0	0
1343.318792	0.747	0.0129	16.306	0.0187	0	0
1343.339625	0.689	0.0129	16.394	0.0203	0	0
1343.360458	0.774	0.0128	16.267	0.018	0	0
1343.381292	0.724	0.0128	16.34	0.0192	0	0
1343.402125	0.736	0.0128	16.322	0.0189	0	0
1343.422958	0.695	0.0128	16.383	0.02	0	0
1343.443792	0.72	0.0128	16.345	0.0194	0	0
1343.464625	0.695	0.0129	16.384	0.0201	0	0
1343.485458	0.739	0.0129	16.317	0.0189	0	0
1343.506292	0.698	0.0129	16.379	0.0201	0	0
1343.527125	0.696	0.0129	16.382	0.0202	0	0
1343.547958	0.709	0.013	16.362	0.0199	0	0
1343.568792	0.773	0.013	16.268	0.0183	0	0
1343.589625	0.723	0.013	16.341	0.0196	0	0
1343.610458	0.709	0.013	16.362	0.0199	0	0
1343.631292	0.697	0.013	16.381	0.0202	0	0
1343.652125	0.707	0.013	16.365	0.02	0	0
1343.672958	0.712	0.013	16.358	0.0198	0	0
1343.693792	0.735	0.013	16.322	0.0191	0	0
1343.714625	0.714	0.0129	16.355	0.0197	0	0
1343.735458	0.724	0.0129	16.34	0.0194	0	0
1343.756292	0.715	0.0129	16.353	0.0196	0	0
1343.777125	0.733	0.0129	16.326	0.0191	0	0
1343.797958	0.694	0.0129	16.385	0.0201	0	0
1343.818792	0.725	0.0129	16.338	0.0192	0	0
1343.839625	0.677	0.0128	16.413	0.0206	0	0
1343.860458	0.698	0.0128	16.38	0.0199	0	0
1343.881292	0.697	0.0128	16.381	0.02	0	0
1343.902125	0.696	0.0128	16.383	0.02	0	0
1343.922958	0.658	0.0127	16.444	0.021	0	0
1343.943792	0.713	0.0127	16.356	0.0193	0	0
1343.964625	0.719	0.0126	16.347	0.0191	0	0
1343.985458	0.72	0.0126	16.345	0.019	0	0
1344.006292	0.711	0.0126	16.359	0.0192	0	0
1344.027125	0.686	0.0125	16.399	0.0199	0	0
1344.047958	0.731	0.0125	16.329	0.0186	0	0
1344.068792	0.692	0.0125	16.389	0.0196	0	0
1344.089625	0.711	0.0125	16.36	0.0192	0	0
1344.110458	0.747	0.0125	16.306	0.0182	0	0
1344.131292	0.702	0.0126	16.373	0.0194	0	0
1344.152125	0.728	0.0126	16.333	0.0187	0	0
1344.172958	0.701	0.0126	16.375	0.0195	0	0
1344.193792	0.733	0.0126	16.326	0.0186	0	0
1344.214625	0.658	0.0125	16.444	0.0206	0	0
1344.235458	0.699	0.0125	16.377	0.0194	0	0
1344.256292	0.726	0.0125	16.337	0.0187	0	0
1344.277125	0.736	0.0124	16.322	0.0183	0	0
1344.297958	0.691	0.0124	16.39	0.0194	0	0
1344.318792	0.719	0.0123	16.347	0.0186	0	0
1344.339625	0.736	0.0123	16.322	0.0181	0	0
1344.360458	0.73	0.0123	16.331	0.0182	0	0
1344.381292	0.707	0.0123	16.366	0.0188	0	0
1344.402125	0.694	0.0123	16.386	0.0192	0	0
1344.422958	0.737	0.0123	16.32	0.0181	0	0
1344.443791	0.69	0.0123	16.392	0.0194	0	0
1344.464625	0.702	0.0123	16.374	0.0191	0	0
1344.485458	0.725	0.0123	16.338	0.0185	0	0
1344.506291	0.682	0.0124	16.405	0.0197	0	0
1344.527125	0.699	0.0124	16.377	0.0193	0	0
1344.547958	0.733	0.0124	16.326	0.0184	0	0
1344.568791	0.669	0.0125	16.425	0.0202	0	0
1344.589625	0.716	0.0125	16.352	0.019	0	0
1344.610458	0.702	0.0125	16.374	0.0193	0	0
1344.631291	0.654	0.0125	16.449	0.0207	0	0
1344.652125	0.736	0.0125	16.322	0.0184	0	0
1344.714625	0.697	0.0124	16.381	0.0193	0	0
1344.735458	0.717	0.0124	16.35	0.0188	0	0
1344.756291	0.727	0.0124	16.335	0.0185	0	0
1344.777124	0.707	0.0124	16.365	0.019	0	0
1344.797958	0.721	0.0124	16.343	0.0186	0	0
1344.818791	0.708	0.0124	16.364	0.019	0	0
1344.839624	0.663	0.0124	16.435	0.0202	0	0
1344.860458	0.688	0.0123	16.394	0.0195	0	0
1344.881291	0.695	0.0123	16.384	0.0193	0	0
1344.902124	0.68	0.0123	16.408	0.0196	0	0
1344.922958	0.704	0.0123	16.37	0.0189	0	0
1344.943791	0.708	0.0123	16.363	0.0188	0	0
1344.964624	0.708	0.0122	16.364	0.0187	0	0
1344.985457	0.677	0.0122	16.412	0.0195	0	0
1345.006291	0.696	0.0122	16.382	0.019	0	0
1345.027124	0.722	0.0122	16.343	0.0183	0	0
1345.047957	0.736	0.0122	16.321	0.018	0	0
1345.068791	0.689	0.0122	16.394	0.0192	0	0
1345.089624	0.736	0.0122	16.322	0.018	0	0
1345.110457	0.731	0.0122	16.329	0.0181	0	0
1345.131291	0.7	0.0122	16.376	0.0189	0	0
1345.152124	0.698	0.0122	16.379	0.019	0	0
1345.172957	0.739	0.0122	16.317	0.018	0	0
1345.19379	0.705	0.0122	16.368	0.0188	0	0
1345.214624	0.742	0.0122	16.313	0.0179	0	0
1345.235457	0.695	0.0122	16.384	0.019	0	0
1345.25629	0.695	0.0121	16.384	0.019	0	0
1345.277124	0.728	0.0121	16.334	0.0181	0	0
1345.297957	0.705	0.0121	16.368	0.0186	0	0
1345.31879	0.728	0.0121	16.334	0.018	0	0
1345.339624	0.723	0.012	16.34	0.0181	0	0
1345.360457	0.695	0.012	16.383	0.0188	0	0
1345.38129	0.694	0.012	16.386	0.0188	0	0
1345.402123	0.754	0.012	16.296	0.0173	0	0
1345.422957	0.707	0.012	16.366	0.0185	0	0
1345.44379	0.707	0.0121	16.365	0.0185	0	0
1345.464623	0.714	0.0121	16.354	0.0183	0	0
1345.485457	0.703	0.0121	16.372	0.0187	0	0
1345.50629	0.741	0.0121	16.314	0.0178	0	0
1345.527123	0.684	0.0121	16.401	0.0192	0	0
1345.547956	0.761	0.0122	16.286	0.0174	0	0
1345.56879	0.7	0.0122	16.377	0.0189	0	0
1345.589623	0.718	0.0122	16.348	0.0185	0	0
1345.610456	0.739	0.0122	16.318	0.018	0	0
1345.63129	0.677	0.0122	16.413	0.0196	0	0
1345.652123	0.678	0.0122	16.411	0.0196	0	0
1345.672956	0.744	0.0122	16.311	0.0178	0	0
1345.693789	0.632	0.0122	16.487	0.0209	0	0
1345.714623	0.66	0.0122	16.44	0.02	0	0
1345.735456	0.655	0.0122	16.448	0.0202	0	0
1345.756289	0.713	0.0121	16.356	0.0185	0	0
1345.777123	0.7	0.0122	16.377	0.0189	0	0
1345.797956	0.683	0.0122	16.403	0.0193	0	0
1345.818789	0.682	0.0121	16.405	0.0193	0	0
1345.839622	0.708	0.0122	16.363	0.0186	0	0
1345.860456	0.69	0.0122	16.391	0.0191	0	0
1345.881289	0.701	0.0121	16.375	0.0188	0	0
1345.902122	0.729	0.0121	16.331	0.018	0	0
1345.922956	0.694	0.0121	16.385	0.0189	0	0
1345.943789	0.678	0.0121	16.411	0.0194	0	0
1345.964622	0.735	0.0121	16.323	0.0178	0	0
1345.985455	0.692	0.0121	16.389	0.0189	0	0
1346.006289	0.675	0.012	16.416	0.0194	0	0
1346.027122	0.682	0.012	16.405	0.0192	0	0
1346.047955	0.654	0.012	16.45	0.0199	0	0
1346.068789	0.624	0.012	16.502	0.0209	0	0
1346.089622	0.681	0.0121	16.406	0.0192	0	0
1346.110455	0.657	0.0121	16.445	0.0199	0	0
1346.131288	0.733	0.0121	16.325	0.0179	0	0
1346.152122	0.707	0.0121	16.366	0.0186	0	0
1346.172955	0.673	0.0121	16.419	0.0195	0	0
1346.193788	0.7	0.0121	16.376	0.0187	0	0
1346.214621	0.687	0.0121	16.396	0.0191	0	0
1346.235455	0.693	0.012	16.387	0.0189	0	0
1346.256288	0.705	0.012	16.369	0.0185	0	0
1346.277121	0.707	0.012	16.365	0.0184	0	0
1346.297955	0.65	0.012	16.457	0.02	0	0
1346.318788	0.703	0.012	16.372	0.0185	0	0
1346.339621	0.731	0.0119	16.33	0.0177	0	0
1346.360454	0.72	0.0119	16.345	0.018	0	0
1346.381288	0.691	0.0119	16.39	0.0187	0	0
1346.402121	0.675	0.0119	16.416	0.0191	0	0
1346.422954	0.681	0.0119	16.406	0.019	0	0
1346.443787	0.711	0.0119	16.36	0.0182	0	0
1346.464621	0.671	0.0119	16.421	0.0193	0	0
1346.485454	0.654	0.0119	16.45	0.0198	0	0
1346.506287	0.696	0.0119	16.382	0.0186	0	0
1346.52712	0.725	0.012	16.339	0.018	0	0
1346.547954	0.689	0.012	16.393	0.0189	0	0
1346.568787	0.709	0.012	16.363	0.0184	0	0
1346.58962	0.68	0.012	16.407	0.0192	0	0
1346.610454	0.711	0.012	16.36	0.0184	0	0
1346.631287	0.67	0.012	16.424	0.0195	0	0
1346.65212	0.718	0.0121	16.348	0.0182	0	0
1346.672953	0.667	0.012	16.428	0.0196	0	0
1346.693787	0.663	0.012	16.435	0.0197	0	0
1346.71462	0.686	0.012	16.397	0.019	0	0
1346.735453	0.711	0.012	16.359	0.0183	0	0
1346.756286	0.679	0.012	16.41	0.0192	0	0
1346.77712	0.664	0.012	16.433	0.0196	0	0
1346.797953	0.68	0.012	16.407	0.0191	0	0
1346.818786	0.695	0.012	16.385	0.0188	0	0
1346.839619	0.714	0.012	16.354	0.0183	0	0
1346.860453	0.69	0.012	16.391	0.0189	0	0
1346.881286	0.677	0.012	16.413	0.0192	0	0
1346.902119	0.697	0.012	16.38	0.0187	0	0
1346.922952	0.685	0.012	16.4	0.019	0	0
1346.943786	0.699	0.012	16.377	0.0186	0	0
1346.964619	0.686	0.0119	16.397	0.0189	0	0
1346.985452	0.678	0.0119	16.411	0.0191	0	0
1347.006285	0.695	0.0119	16.384	0.0186	0	0
1347.027119	0.685	0.0119	16.4	0.0189	0	0
1347.047952	0.686	0.0119	16.397	0.0189	0	0
1347.068785	0.676	0.0119	16.414	0.0192	0	0
1347.089618	0.653	0.0119	16.451	0.0198	0	0
1347.110452	0.679	0.0119	16.409	0.0191	0	0
1347.131285	0.688	0.0119	16.395	0.0189	0	0
1347.152118	0.695	0.012	16.383	0.0187	0	0
1347.214618	0.671	0.0119	16.422	0.0193	0	0
1347.235451	0.705	0.0119	16.368	0.0183	0	0
1347.256284	0.697	0.0119	16.381	0.0185	0	0
1347.277118	0.677	0.0119	16.412	0.019	0	0
1347.297951	0.667	0.0118	16.429	0.0193	0	0
1347.318784	0.702	0.0118	16.373	0.0182	0	0
1347.339617	0.708	0.0118	16.363	0.0181	0	0
1347.360451	0.673	0.0121	16.42	0.0196	0	0
1347.381284	0.717	0.012	16.35	0.0182	0	0
1347.402117	0.636	0.0118	16.48	0.0201	0	0
1347.42295	0.64	0.0118	16.473	0.02	0	0
1347.443784	0.724	0.0119	16.339	0.0178	0	0
1347.464617	0.677	0.0119	16.412	0.0191	0	0
1347.48545	0.7	0.0119	16.377	0.0185	0	0
1347.506283	0.693	0.0119	16.386	0.0186	0	0
1347.527117	0.683	0.0118	16.403	0.0188	0	0
1347.54795	0.688	0.012	16.395	0.0189	0	0
1347.568783	0.651	0.0119	16.455	0.0198	0	0
1347.589616	0.671	0.012	16.421	0.0194	0	0
1347.61045	0.693	0.0119	16.388	0.0187	0	0
1347.631283	0.731	0.0119	16.329	0.0177	0	0
1347.652116	0.689	0.0119	16.393	0.0187	0	0
1347.672949	0.679	0.0119	16.409	0.019	0	0
1347.693783	0.714	0.0119	16.354	0.0182	0	0
1347.714616	0.68	0.0119	16.407	0.019	0	0
1347.735449	0.7	0.0126	16.377	0.0195	0	0
1347.756282	0.689	0.012	16.393	0.019	0	0
1347.777116	0.657	0.0119	16.445	0.0197	0	0
1347.797949	0.684	0.012	16.402	0.0191	0	0
1347.818782	0.699	0.0119	16.378	0.0185	0	0
1347.839615	0.65	0.0119	16.457	0.0199	0	0
1347.860449	0.668	0.0119	16.427	0.0194	0	0
1347.881282	0.673	0.0119	16.418	0.0192	0	0
1347.902115	0.693	0.0119	16.387	0.0187	0	0
1347.922948	0.653	0.012	16.452	0.0199	0	0
1347.943781	0.685	0.0119	16.4	0.0189	0	0
1347.964615	0.677	0.0119	16.413	0.0191	0	0
1347.985448	0.697	0.0119	16.38	0.0185	0	0
1348.006281	0.706	0.0126	16.367	0.0193	0	0
1348.027114	0.665	0.0124	16.432	0.0203	0	0
1348.047948	0.673	0.0126	16.419	0.0204	0	0
1348.068781	0.711	0.0126	16.359	0.0193	0	0
1348.089614	0.71	0.0121	16.36	0.0185	0	0
1348.110447	0.681	0.0119	16.406	0.019	0	0
1348.131281	0.675	0.0119	16.416	0.0191	0	0
1348.152114	0.715	0.012	16.354	0.0182	0	0
1348.172947	0.678	0.0119	16.411	0.0191	0	0
1348.19378	0.655	0.0119	16.449	0.0197	0	0
1348.214613	0.697	0.0121	16.381	0.0189	0	0
1348.235447	0.642	0.0121	16.469	0.0204	0	0
1348.25628	0.719	0.012	16.347	0.0181	0	0
1348.277113	0.653	0.0126	16.452	0.021	0	0
1348.297946	0.679	0.0128	16.409	0.0205	0	0
1348.31878	0.679	0.0119	16.409	0.0189	0	0
1348.339613	0.657	0.0119	16.444	0.0197	0	0
1348.360446	0.644	0.0118	16.467	0.02	0	0
1348.381279	0.699	0.0118	16.377	0.0183	0	0
1348.402112	0.633	0.0117	16.485	0.0201	0	0
1348.422946	0.638	0.0118	16.477	0.02	0	0
1348.443779	0.665	0.0128	16.431	0.0209	0	0
1348.464612	0.721	0.0126	16.344	0.019	0	0
1348.485445	0.685	0.0118	16.4	0.0187	0	0
1348.506279	0.671	0.0118	16.423	0.0191	0	0
1348.527112	0.715	0.0122	16.354	0.0185	0	0
1348.547945	0.66	0.0119	16.439	0.0196	0	0
1348.568778	0.668	0.0118	16.427	0.0192	0	0
1348.589611	0.7	0.012	16.376	0.0186	0	0
1348.610445	0.667	0.0118	16.429	0.0193	0	0
1348.631278	0.673	0.0119	16.419	0.0192	0	0
1348.652111	0.72	0.0122	16.346	0.0184	0	0
1348.672944	0.685	0.0124	16.4	0.0196	0	0
1348.693778	0.659	0.0125	16.442	0.0206	0	0
1348.714611	0.641	0.0122	16.471	0.0207	0	0
1348.735444	0.686	0.0119	16.399	0.0188	0	0
1348.756277	0.712	0.0124	16.358	0.019	0	0
1348.77711	0.712	0.0133	16.358	0.0203	0	0
1348.797944	0.695	0.0122	16.384	0.0191	0	0
1348.818777	0.682	0.012	16.404	0.0191	0	0
1348.83961	0.713	0.012	16.357	0.0182	0	0
1348.860443	0.657	0.0119	16.445	0.0197	0	0
1348.881277	0.689	0.0121	16.393	0.0191	0	0
1348.90211	0.664	0.012	16.433	0.0195	0	0
1348.922943	0.676	0.0118	16.414	0.019	0	0
1348.943776	0.653	0.0118	16.452	0.0196	0	0
1348.964609	0.665	0.0118	16.432	0.0193	0	0
1348.985443	0.619	0.0121	16.51	0.0213	0	0
1349.006276	0.673	0.0119	16.419	0.0192	0	0
1349.027109	0.642	0.0119	16.47	0.02	0	0
1349.047942	0.661	0.0118	16.438	0.0194	0	0
1349.068775	0.643	0.012	16.468	0.0203	0	0
1349.089609	0.647	0.0118	16.461	0.0198	0	0
1349.110442	0.652	0.0118	16.453	0.0196	0	0
1349.131275	0.667	0.0118	16.428	0.0191	0	0
1349.152108	0.644	0.0123	16.467	0.0208	0	0
1349.172941	0.697	0.014	16.38	0.0218	0	0
1349.193775	0.671	0.0118	16.422	0.0192	0	0
1349.214608	0.672	0.0117	16.42	0.0189	0	0
1349.235441	0.652	0.0118	16.453	0.0197	0	0
1349.256274	0.636	0.0131	16.481	0.0223	0	0
1349.277108	0.682	0.0129	16.404	0.0206	0	0
1349.297941	0.669	0.0118	16.425	0.0191	0	0
1349.318774	0.655	0.0116	16.448	0.0192	0	0
1349.339607	0.66	0.0115	16.439	0.019	0	0
1349.36044	0.69	0.0116	16.392	0.0182	0	0
1349.381274	0.662	0.0116	16.436	0.019	0	0
1349.402107	0.663	0.0115	16.435	0.0189	0	0
1349.42294	0.643	0.0115	16.468	0.0195	0	0
1349.443773	0.626	0.0115	16.498	0.02	0	0
1349.464606	0.609	0.0116	16.527	0.0206	0	0
1349.48544	0.673	0.0116	16.418	0.0187	0	0
1349.506273	0.66	0.0115	16.44	0.019	0	0
1349.527106	0.67	0.0115	16.423	0.0187	0	0
1349.547939	0.668	0.0115	16.427	0.0187	0	0
1349.568772	0.663	0.0115	16.434	0.0188	0	0
1349.589606	0.667	0.0115	16.429	0.0186	0	0
1349.610439	0.641	0.0114	16.471	0.0194	0	0
1349.631272	0.659	0.0115	16.442	0.0189	0	0
1349.652105	0.645	0.0115	16.465	0.0193	0	0
1349.714605	0.641	0.0114	16.471	0.0194	0	0
1349.735438	0.641	0.0114	16.473	0.0194	0	0
1349.756271	0.656	0.0114	16.447	0.0189	0	0
1349.777104	0.616	0.0114	16.516	0.0202	0	0
1349.797938	0.653	0.0114	16.452	0.019	0	0
1349.818771	0.64	0.0114	16.474	0.0194	0	0
1349.839604	0.663	0.0114	16.434	0.0187	0	0
1349.860437	0.635	0.0114	16.482	0.0195	0	0
1349.88127	0.638	0.0114	16.477	0.0194	0	0
1349.902104	0.613	0.0114	16.52	0.0202	0	0
1349.922937	0.606	0.0114	16.533	0.0204	0	0
1349.94377	0.63	0.0114	16.49	0.0196	0	0
1349.964603	0.67	0.0114	16.424	0.0184	0	0
1349.985436	0.657	0.0114	16.446	0.0188	0	0
1350.00627	0.672	0.0114	16.421	0.0184	0	0
1350.027103	0.682	0.0114	16.405	0.0181	0	0
1350.047936	0.681	0.0114	16.405	0.0181	0	0
1350.068769	0.635	0.0114	16.483	0.0195	0	0
1350.089602	0.631	0.0114	16.489	0.0196	0	0
1350.110435	0.66	0.0114	16.441	0.0187	0	0
1350.131269	0.605	0.0114	16.535	0.0204	0	0
1350.152102	0.619	0.0114	16.509	0.0199	0	0
1350.172935	0.651	0.0114	16.455	0.019	0	0
1350.193768	0.66	0.0113	16.44	0.0187	0	0
1350.214601	0.648	0.0113	16.46	0.019	0	0
1350.235435	0.638	0.0113	16.477	0.0193	0	0
1350.256268	0.663	0.0113	16.435	0.0186	0	0
1350.277101	0.619	0.0114	16.51	0.0199	0	0
1350.297934	0.674	0.0114	16.418	0.0183	0	0
1350.318767	0.665	0.0114	16.431	0.0185	0	0
1350.339601	0.663	0.0114	16.435	0.0186	0	0
1350.360434	0.651	0.0114	16.455	0.019	0	0
1350.381267	0.631	0.0114	16.488	0.0195	0	0
1350.4021	0.617	0.0114	16.513	0.02	0	0
1350.422933	0.635	0.0113	16.483	0.0194	0	0
1350.443767	0.608	0.0114	16.53	0.0203	0	0
1350.4646	0.643	0.0114	16.468	0.0192	0	0
1350.485433	0.645	0.0113	16.464	0.0191	0	0
1350.506266	0.643	0.0114	16.468	0.0192	0	0
1350.527099	0.655	0.0114	16.448	0.0188	0	0
1350.547932	0.621	0.0113	16.505	0.0198	0	0
1350.568766	0.618	0.0114	16.512	0.02	0	0
1350.589599	0.649	0.0114	16.458	0.019	0	0
1350.610432	0.587	0.0114	16.568	0.021	0	0
1350.631265	0.661	0.0114	16.439	0.0187	0	0
1350.652098	0.643	0.0114	16.469	0.0192	0	0
1350.672932	0.648	0.0114	16.46	0.0191	0	0
1350.693765	0.637	0.0114	16.478	0.0194	0	0
1350.714598	0.666	0.0114	16.431	0.0186	0	0
1350.735431	0.657	0.0114	16.445	0.0188	0	0
1350.756264	0.587	0.0114	16.567	0.021	0	0
1350.777097	0.613	0.0114	16.521	0.0202	0	0
1350.797931	0.628	0.0114	16.493	0.0197	0	0
1350.818764	0.609	0.0114	16.528	0.0203	0	0
1350.839597	0.656	0.0114	16.446	0.0188	0	0
1350.86043	0.611	0.0113	16.524	0.0201	0	0
1350.881263	0.624	0.0114	16.5	0.0198	0	0
1350.902097	0.616	0.0114	16.515	0.0201	0	0
1350.92293	0.652	0.0114	16.453	0.019	0	0
1350.943763	0.642	0.0114	16.47	0.0193	0	0
1350.964596	0.636	0.0114	16.481	0.0195	0	0
1350.985429	0.621	0.0114	16.506	0.0199	0	0
1351.006262	0.592	0.0114	16.557	0.0209	0	0
1351.027096	0.647	0.0114	16.461	0.0191	0	0
1351.047929	0.627	0.0114	16.495	0.0197	0	0
1351.068762	0.656	0.0114	16.446	0.0189	0	0
1351.089595	0.602	0.0114	16.541	0.0206	0	0
1351.110428	0.648	0.0114	16.46	0.0191	0	0
1351.131261	0.6	0.0114	16.544	0.0206	0	0
1351.152095	0.636	0.0114	16.481	0.0195	0	0
1351.172928	0.67	0.0114	16.424	0.0185	0	0
1351.193761	0.617	0.0114	16.514	0.0201	0	0
1351.214594	0.604	0.0114	16.535	0.0205	0	0
1351.235427	0.628	0.0114	16.494	0.0197	0	0
1351.256261	0.636	0.0114	16.48	0.0195	0	0
1351.277094	0.616	0.0114	16.514	0.0201	0	0
1351.297927	0.632	0.0114	16.486	0.0196	0	0
1351.31876	0.628	0.0114	16.494	0.0198	0	0
1351.339593	0.595	0.0114	16.552	0.0208	0	0
1351.360426	0.624	0.0114	16.5	0.0199	0	0
1351.38126	0.609	0.0115	16.528	0.0205	0	0
1351.402093	0.637	0.0114	16.478	0.0195	0	0
1351.422926	0.622	0.0114	16.505	0.02	0	0
1351.443759	0.613	0.0114	16.521	0.0202	0	0
1351.464592	0.613	0.0114	16.52	0.0202	0	0
1351.485425	0.625	0.0114	16.499	0.0198	0	0
1351.506259	0.636	0.0114	16.48	0.0195	0	0
1351.527092	0.632	0.0114	16.487	0.0196	0	0
1351.547925	0.618	0.0114	16.511	0.0201	0	0
1351.568758	0.634	0.0114	16.484	0.0196	0	0
1351.589591	0.608	0.0114	16.528	0.0204	0	0
1351.610425	0.612	0.0114	16.522	0.0203	0	0
1351.631258	0.654	0.0115	16.45	0.019	0	0
1351.652091	0.609	0.0115	16.527	0.0204	0	0
1351.672924	0.603	0.0114	16.537	0.0206	0	0
1351.693757	0.622	0.0115	16.504	0.02	0	0
1351.71459	0.64	0.0115	16.473	0.0194	0	0
1351.735424	0.65	0.0115	16.457	0.0192	0	0
1351.756257	0.597	0.0114	16.549	0.0208	0	0
1351.77709	0.664	0.0115	16.434	0.0188	0	0
1351.797923	0.63	0.0115	16.491	0.0197	0	0
1351.818756	0.636	0.0115	16.481	0.0196	0	0
1351.839589	0.59	0.0115	16.561	0.0211	0	0
1351.860423	0.599	0.0114	16.545	0.0207	0	0
1351.881256	0.568	0.0115	16.604	0.0219	0	0
1351.902089	0.599	0.0115	16.545	0.0208	0	0
1351.922922	0.627	0.0115	16.495	0.0199	0	0
1351.943755	0.608	0.0115	16.53	0.0205	0	0
1351.964588	0.627	0.0115	16.496	0.0199	0	0
1351.985422	0.588	0.0115	16.566	0.0212	0	0
1352.006255	0.596	0.0115	16.552	0.021	0	0
1352.027088	0.664	0.0115	16.433	0.0188	0	0
1352.047921	0.601	0.0115	16.541	0.0208	0	0
1352.068754	0.594	0.0115	16.555	0.0211	0	0
1352.089587	0.607	0.0115	16.53	0.0206	0	0
1352.110421	0.607	0.0115	16.53	0.0206	0	0
1352.131254	0.621	0.0115	16.505	0.0201	0	0
1352.152087	0.618	0.0115	16.511	0.0203	0	0
1352.214586	0.603	0.0116	16.538	0.0208	0	0
1352.23542	0.594	0.0116	16.554	0.0211	0	0
1352.256253	0.624	0.0116	16.501	0.0201	0	0
1352.277086	0.602	0.0116	16.541	0.0209	0	0
1352.297919	0.6	0.0116	16.543	0.021	0	0
1352.318752	0.635	0.0116	16.481	0.0198	0	0
1352.339585	0.616	0.0116	16.515	0.0205	0	0
1352.360419	0.609	0.0116	16.527	0.0207	0	0
1352.381252	0.614	0.0116	16.518	0.0206	0	0
1352.402085	0.623	0.0116	16.503	0.0203	0	0
1352.422918	0.626	0.0117	16.497	0.0202	0	0
1352.443751	0.609	0.0117	16.527	0.0208	0	0
1352.464584	0.608	0.0117	16.529	0.0209	0	0
1352.485418	0.613	0.0117	16.52	0.0207	0	0
1352.506251	0.645	0.0117	16.464	0.0197	0	0
1352.527084	0.626	0.0117	16.498	0.0204	0	0
1352.547917	0.643	0.0118	16.468	0.0199	0	0
1352.56875	0.62	0.0118	16.508	0.0206	0	0
1352.589583	0.651	0.0118	16.455	0.0197	0	0
1352.610417	0.582	0.0118	16.576	0.022	0	0
1352.63125	0.595	0.0118	16.552	0.0216	0	0
1352.652083	0.602	0.0119	16.541	0.0214	0	0
1352.672916	0.634	0.0119	16.484	0.0204	0	0
1352.693749	0.587	0.0119	16.567	0.0221	0	0
1352.714582	0.594	0.012	16.555	0.0219	0	0
1352.735416	0.617	0.012	16.513	0.0211	0	0
1352.756249	0.582	0.012	16.577	0.0224	0	0
1352.777082	0.62	0.012	16.508	0.0211	0	0
1352.797915	0.639	0.0121	16.475	0.0206	0	0
1352.818748	0.617	0.0121	16.513	0.0213	0	0
1352.839581	0.561	0.0122	16.616	0.0235	0	0
1352.860414	0.61	0.0122	16.525	0.0218	0	0
1352.881248	0.577	0.0123	16.587	0.0232	0	0
1352.902081	0.589	0.0126	16.563	0.0232	0	0
1352.922914	0.597	0.0131	16.548	0.0238	0	0
1352.943747	0.566	0.0136	16.608	0.026	0	0
1352.96458	0.576	0.014	16.587	0.0263	0	0
1352.985413	0.579	0.0143	16.581	0.0267	0	0
1353.006247	0.6	0.0145	16.544	0.0262	0	0
1353.02708	0.579	0.0149	16.582	0.028	0	0
1353.047913	0.612	0.0154	16.522	0.0274	0	0
1353.068746	0.601	0.0158	16.542	0.0285	0	0
1353.089579	0.552	0.0166	16.634	0.0326	0	0
1353.110412	0.648	0.0174	16.459	0.0291	0	0
1353.131245	0.64	0.0188	16.473	0.0319	0	0
1353.152079	0.625	0.021	16.499	0.0364	0	0
