1387.45	0	0	0	0	0	0
1387.464202	0.019	0.0099	20.27	0.6133	0	0
1387.485036	0.021	0.0099	20.205	0.5706	0	0
1387.526702	0.016	0.0099	20.448	0.758	0	0
1387.547536	0.049	0.0099	19.259	0.2222	0	0
1387.589202	0.019	0.0099	20.269	0.613	0	0
1387.610036	0.025	0.0099	19.995	0.4565	0	0
1387.630869	0.034	0.0099	19.671	0.33	0	0
1387.651702	0.036	0.0099	19.583	0.303	0	0
1387.672536	0.041	0.0099	19.45	0.2665	0	0
1387.714202	0.039	0.0099	19.501	0.2798	0	0
1387.776702	0.052	0.0099	19.201	0.2105	0	0
1387.797535	0.039	0.0099	19.499	0.2794	0	0
1387.839202	0.023	0.0099	20.071	0.4941	0	0
1387.860035	0.073	0.0099	18.823	0.1478	0	0
1387.901702	0.033	0.0099	19.696	0.3385	0	0
1387.922535	0.02	0.0099	20.255	0.6045	0	0
1387.943369	0.046	0.0099	19.321	0.236	0	0
1387.964202	0.025	0.0099	19.999	0.4589	0	0
1387.985035	0.027	0.0099	19.898	0.4141	0	0
1388.005868	0.036	0.0099	19.609	0.3112	0	0
1388.026702	0.015	0.0099	20.515	0.8271	0	0
1388.047535	0.033	0.0099	19.699	0.3399	0	0
1388.068368	0.01	0.0099	20.94	1.9997	0	0
1388.089202	0.015	0.0099	20.582	0.9074	0	0
1388.110035	0.057	0.01	19.092	0.1903	0	0
1388.130868	0.014	0.0099	20.631	0.9752	0	0
1388.151701	0.075	0.01	18.803	0.1452	0	0
1388.172535	0.043	0.01	19.408	0.2565	0	0
1388.193368	0.07	0.01	18.875	0.1553	0	0
1388.214201	0.018	0.0099	20.378	0.6974	0	0
1388.235035	0.015	0.0099	20.572	0.8941	0	0
1388.255868	0.048	0.01	19.277	0.2266	0	0
1388.276701	0.024	0.0099	20.061	0.4904	0	0
1388.297534	0.053	0.01	19.179	0.2066	0	0
1388.318368	0.056	0.01	19.118	0.1952	0	0
1388.339201	0.064	0.01	18.98	0.1714	0	0
1388.360034	0.06	0.01	19.041	0.1816	0	0
1388.380868	0.04	0.01	19.481	0.2755	0	0
1388.401701	0.089	0.01	18.612	0.1217	0	0
1388.422534	0.076	0.01	18.785	0.1431	0	0
1388.443367	0.06	0.01	19.035	0.1808	0	0
1388.464201	0.026	0.01	19.936	0.4314	0	0
1388.485034	0.048	0.01	19.294	0.2304	0	0
1388.505867	0.037	0.01	19.559	0.2972	0	0
1388.526701	0.066	0.01	18.946	0.1662	0	0
1388.547534	0.06	0.01	19.035	0.1806	0	0
1388.568367	0.08	0.01	18.733	0.1363	0	0
1388.5892	0.095	0.01	18.55	0.1151	0	0
1388.610034	0.061	0.01	19.027	0.1793	0	0
1388.630867	0.031	0.01	19.772	0.3663	0	0
1388.6517	0.043	0.01	19.414	0.2587	0	0
1388.672534	0.068	0.01	18.902	0.1596	0	0
1388.693367	0.073	0.01	18.829	0.1493	0	0
1388.7142	0.046	0.01	19.327	0.2383	0	0
1388.735033	0.077	0.01	18.777	0.1423	0	0
1388.755867	0.067	0.01	18.922	0.1628	0	0
1388.7767	0.057	0.01	19.09	0.1907	0	0
1388.797533	0.046	0.01	19.34	0.2412	0	0
1388.818366	0.073	0.01	18.829	0.1495	0	0
1388.8392	0.05	0.01	19.252	0.2222	0	0
1388.860033	0.107	0.01	18.414	0.1017	0	0
1388.880866	0.075	0.01	18.797	0.1451	0	0
1388.901699	0.042	0.01	19.437	0.2649	0	0
1388.922533	0.077	0.01	18.766	0.141	0	0
1388.943366	0.065	0.01	18.96	0.1691	0	0
1388.964199	0.091	0.01	18.591	0.1199	0	0
1388.985033	0.036	0.01	19.603	0.3111	0	0
1389.005866	0.052	0.01	19.205	0.2127	0	0
1389.026699	0.081	0.01	18.722	0.1354	0	0
1389.047532	0.062	0.01	19.016	0.1782	0	0
1389.068366	0.107	0.01	18.42	0.1024	0	0
1389.089199	0.059	0.01	19.071	0.1878	0	0
1389.110032	0.057	0.01	19.099	0.1926	0	0
1389.130865	0.046	0.0101	19.322	0.24	0	0
1389.151699	0.072	0.01	18.85	0.1528	0	0
1389.172532	0.057	0.01	19.1	0.193	0	0
1389.193365	0.1	0.01	18.489	0.1093	0	0
1389.214198	0.078	0.01	18.758	0.1404	0	0
1389.235032	0.071	0.01	18.864	0.155	0	0
1389.255865	0.061	0.01	19.027	0.1806	0	0
1389.276698	0.092	0.01	18.585	0.1196	0	0
1389.297531	0.026	0.01	19.965	0.4483	0	0
1389.318365	0.085	0.0101	18.669	0.1295	0	0
1389.339198	0.038	0.01	19.539	0.2936	0	0
1389.360031	0.047	0.01	19.314	0.237	0	0
1389.380864	0.061	0.0101	19.033	0.182	0	0
1389.401698	0.048	0.0101	19.282	0.2306	0	0
1389.422531	0.092	0.0101	18.58	0.1193	0	0
1389.443364	0.049	0.0101	19.262	0.226	0	0
1389.464197	0.091	0.0101	18.592	0.1208	0	0
1389.485031	0.068	0.0101	18.904	0.1615	0	0
1389.505864	0.075	0.0101	18.803	0.1472	0	0
1389.526697	0.087	0.0101	18.637	0.1262	0	0
1389.54753	0.108	0.0101	18.409	0.1022	0	0
1389.568364	0.091	0.0101	18.593	0.1212	0	0
1389.589197	0.07	0.0101	18.873	0.1573	0	0
1389.61003	0.11	0.0101	18.389	0.1004	0	0
1389.630863	0.051	0.0101	19.224	0.2187	0	0
1389.651697	0.058	0.0101	19.075	0.1902	0	0
1389.67253	0.068	0.0101	18.91	0.163	0	0
1389.693363	0.072	0.0101	18.847	0.1538	0	0
1389.714196	0.117	0.0101	18.321	0.0946	0	0
1389.73503	0.091	0.0101	18.589	0.1212	0	0
1389.755863	0.075	0.0101	18.807	0.1484	0	0
1389.776696	0.055	0.0101	19.134	0.2017	0	0
1389.797529	0.091	0.0102	18.597	0.1223	0	0
1389.818363	0.074	0.0102	18.819	0.1505	0	0
1389.839196	0.108	0.0102	18.402	0.1024	0	0
1389.860029	0.069	0.0102	18.884	0.1602	0	0
1389.880862	0.079	0.0102	18.746	0.1409	0	0
1389.901696	0.102	0.0102	18.462	0.1084	0	0
1389.922529	0.09	0.0102	18.599	0.1231	0	0
1389.943362	0.044	0.0102	19.373	0.2544	0	0
1389.964195	0.091	0.0102	18.59	0.1223	0	0
1389.985028	0.064	0.0102	18.965	0.1735	0	0
1390.005862	0.14	0.0102	18.122	0.0794	0	0
1390.026695	0.107	0.0103	18.42	0.1049	0	0
1390.047528	0.121	0.0102	18.279	0.0919	0	0
1390.068361	0.082	0.0102	18.702	0.1361	0	0
1390.089195	0.115	0.0103	18.339	0.0973	0	0
1390.110028	0.1	0.0103	18.484	0.1113	0	0
1390.130861	0.11	0.0103	18.389	0.102	0	0
1390.151694	0.095	0.0103	18.542	0.1176	0	0
1390.172528	0.105	0.0103	18.437	0.1068	0	0
1390.193361	0.081	0.0103	18.714	0.1381	0	0
1390.214194	0.073	0.0103	18.823	0.153	0	0
1390.276694	0.06	0.0103	19.038	0.187	0	0
1390.297527	0.102	0.0103	18.466	0.1098	0	0
1390.31836	0.057	0.0103	19.097	0.1976	0	0
1390.339193	0.081	0.0103	18.721	0.1392	0	0
1390.360027	0.134	0.0103	18.169	0.0835	0	0
1390.38086	0.087	0.0103	18.643	0.1294	0	0
1390.401693	0.098	0.0103	18.516	0.1152	0	0
1390.422526	0.135	0.0103	18.16	0.0829	0	0
1390.443359	0.086	0.0103	18.649	0.1304	0	0
1390.464193	0.085	0.0103	18.666	0.1325	0	0
1390.485026	0.084	0.0103	18.683	0.1346	0	0
1390.505859	0.093	0.0103	18.571	0.1214	0	0
1390.526692	0.108	0.0103	18.409	0.1045	0	0
1390.547526	0.105	0.0103	18.437	0.1073	0	0
1390.568359	0.094	0.0103	18.557	0.1199	0	0
1390.589192	0.044	0.0103	19.377	0.2584	0	0
1390.610025	0.114	0.0103	18.349	0.0989	0	0
1390.630858	0.12	0.0103	18.289	0.0937	0	0
1390.651692	0.084	0.0103	18.674	0.1336	0	0
1390.672525	0.102	0.0103	18.463	0.1101	0	0
1390.693358	0.096	0.0103	18.539	0.118	0	0
1390.714191	0.11	0.0103	18.383	0.1022	0	0
1390.735024	0.11	0.0103	18.389	0.1027	0	0
1390.755858	0.067	0.0103	18.916	0.1675	0	0
1390.776691	0.121	0.0103	18.281	0.093	0	0
1390.797524	0.088	0.0103	18.631	0.1287	0	0
1390.818357	0.064	0.0103	18.975	0.1773	0	0
1390.83919	0.112	0.0104	18.362	0.1003	0	0
1390.860024	0.088	0.0104	18.623	0.1277	0	0
1390.880857	0.103	0.0104	18.459	0.1097	0	0
1390.90169	0.092	0.0103	18.576	0.1222	0	0
1390.922523	0.108	0.0103	18.406	0.1044	0	0
1390.943357	0.093	0.0104	18.571	0.1217	0	0
1390.96419	0.072	0.0103	18.838	0.156	0	0
1390.985023	0.109	0.0103	18.393	0.1032	0	0
1391.005856	0.094	0.0104	18.555	0.12	0	0
1391.026689	0.121	0.0104	18.278	0.0929	0	0
1391.047523	0.1	0.0104	18.49	0.1129	0	0
1391.068356	0.072	0.0103	18.843	0.1567	0	0
1391.089189	0.105	0.0104	18.435	0.1074	0	0
1391.110022	0.089	0.0104	18.617	0.1271	0	0
1391.130855	0.076	0.0104	18.791	0.1495	0	0
1391.151689	0.086	0.0104	18.649	0.131	0	0
1391.172522	0.097	0.0104	18.526	0.1168	0	0
1391.193355	0.103	0.0104	18.458	0.1096	0	0
1391.214188	0.116	0.0104	18.326	0.097	0	0
1391.235021	0.134	0.0104	18.17	0.0841	0	0
1391.255855	0.068	0.0103	18.903	0.1658	0	0
1391.276688	0.132	0.0104	18.185	0.0853	0	0
1391.297521	0.095	0.0104	18.549	0.1192	0	0
1391.318354	0.107	0.0103	18.413	0.1051	0	0
1391.339187	0.089	0.0103	18.61	0.1262	0	0
1391.360021	0.124	0.0104	18.256	0.0909	0	0
1391.380854	0.114	0.0103	18.344	0.0986	0	0
1391.401687	0.097	0.0103	18.523	0.1163	0	0
1391.42252	0.127	0.0104	18.226	0.0884	0	0
1391.443353	0.104	0.0103	18.445	0.1082	0	0
1391.464186	0.132	0.0103	18.188	0.0853	0	0
1391.48502	0.119	0.0103	18.3	0.0947	0	0
1391.505853	0.076	0.0103	18.783	0.1478	0	0
1391.526686	0.121	0.0103	18.282	0.093	0	0
1391.547519	0.094	0.0104	18.551	0.1197	0	0
1391.568352	0.106	0.0103	18.427	0.1063	0	0
1391.589186	0.124	0.0103	18.257	0.0908	0	0
1391.610019	0.1	0.0103	18.493	0.1129	0	0
1391.630852	0.09	0.0103	18.606	0.1254	0	0
1391.651685	0.096	0.0103	18.529	0.1166	0	0
1391.672518	0.113	0.0103	18.358	0.0995	0	0
1391.693352	0.132	0.0103	18.184	0.0848	0	0
1391.714185	0.113	0.0103	18.358	0.0995	0	0
1391.735018	0.112	0.0103	18.364	0.1	0	0
1391.755851	0.067	0.0103	18.932	0.1695	0	0
1391.776684	0.106	0.0103	18.424	0.1057	0	0
1391.797517	0.102	0.0103	18.471	0.1104	0	0
1391.818351	0.084	0.0103	18.684	0.1346	0	0
1391.839184	0.146	0.0103	18.08	0.0769	0	0
1391.860017	0.143	0.0103	18.101	0.0784	0	0
1391.88085	0.108	0.0103	18.404	0.1036	0	0
1391.901683	0.15	0.0103	18.046	0.0745	0	0
1391.922517	0.092	0.0103	18.582	0.1223	0	0
1391.94335	0.108	0.0103	18.406	0.1038	0	0
1391.964183	0.118	0.0103	18.312	0.0951	0	0
1391.985016	0.094	0.0103	18.554	0.119	0	0
1392.005849	0.093	0.0103	18.565	0.1201	0	0
1392.026682	0.111	0.0103	18.376	0.1008	0	0
1392.047516	0.051	0.0103	19.211	0.2194	0	0
1392.068349	0.111	0.0103	18.377	0.1008	0	0
1392.089182	0.104	0.0103	18.443	0.1071	0	0
1392.110015	0.074	0.0102	18.821	0.1521	0	0
1392.130848	0.092	0.0102	18.578	0.1213	0	0
1392.151681	0.112	0.0103	18.37	0.1	0	0
1392.172515	0.088	0.0102	18.625	0.1266	0	0
1392.193348	0.122	0.0102	18.272	0.0913	0	0
1392.214181	0.103	0.0102	18.457	0.1084	0	0
1392.235014	0.099	0.0102	18.497	0.1124	0	0
1392.255847	0.082	0.0103	18.706	0.1371	0	0
1392.276681	0.085	0.0103	18.662	0.1315	0	0
1392.297514	0.128	0.0102	18.218	0.0867	0	0
1392.318347	0.115	0.0103	18.335	0.0968	0	0
1392.33918	0.094	0.0102	18.559	0.1188	0	0
1392.360013	0.085	0.0102	18.671	0.1317	0	0
1392.380846	0.14	0.0102	18.125	0.0795	0	0
1392.40168	0.09	0.0102	18.605	0.1237	0	0
1392.422513	0.073	0.0102	18.824	0.1517	0	0
1392.443346	0.094	0.0102	18.562	0.1188	0	0
1392.464179	0.128	0.0102	18.223	0.0868	0	0
1392.485012	0.144	0.0102	18.092	0.0769	0	0
1392.505845	0.113	0.0102	18.36	0.0983	0	0
1392.526679	0.125	0.0102	18.243	0.0884	0	0
1392.547512	0.101	0.0102	18.482	0.1101	0	0
1392.568345	0.105	0.0102	18.436	0.1053	0	0
1392.589178	0.121	0.0102	18.286	0.0917	0	0
1392.610011	0.112	0.0102	18.367	0.0988	0	0
1392.630844	0.12	0.0101	18.294	0.0923	0	0
1392.651677	0.127	0.0102	18.23	0.0871	0	0
1392.672511	0.131	0.0102	18.192	0.0841	0	0
1392.693344	0.068	0.0101	18.912	0.1636	0	0
1392.714177	0.089	0.0101	18.614	0.124	0	0
1392.755843	0.103	0.0103	18.453	0.1085	32	0
1392.776676	0.12	0.0101	18.295	0.0919	0	0
1392.79751	0.098	0.0101	18.506	0.1117	0	0
1392.818343	0.143	0.0101	18.101	0.0769	0	0
1392.839176	0.11	0.0101	18.386	0.0999	0	0
1392.860009	0.124	0.0101	18.252	0.0883	0	0
1392.880842	0.094	0.0101	18.56	0.1173	0	0
1392.901675	0.099	0.0101	18.497	0.1108	0	0
1392.922509	0.107	0.0101	18.414	0.1025	0	0
1392.943342	0.096	0.0101	18.529	0.114	0	0
1392.964175	0.06	0.0101	19.044	0.1841	0	0
1392.985008	0.086	0.0101	18.653	0.1277	0	0
1393.005841	0.108	0.0101	18.401	0.1012	0	0
1393.026674	0.117	0.0101	18.32	0.0939	0	0
1393.047508	0.115	0.0101	18.339	0.0954	0	0
1393.068341	0.107	0.0101	18.418	0.1027	0	0
1393.089174	0.124	0.0101	18.258	0.0886	0	0
1393.110007	0.09	0.0101	18.608	0.1224	0	0
1393.13084	0.085	0.0101	18.662	0.1286	0	0
1393.151673	0.067	0.01	18.921	0.1636	0	0
1393.172506	0.102	0.0101	18.471	0.1078	0	0
1393.19334	0.126	0.0101	18.242	0.0872	0	0
1393.214173	0.121	0.0101	18.285	0.0907	0	0
1393.235006	0.098	0.0101	18.511	0.1119	0	0
1393.255839	0.099	0.0101	18.505	0.1112	0	0
1393.276672	0.124	0.0101	18.253	0.0881	0	0
1393.297505	0.109	0.0101	18.396	0.1005	0	0
1393.318338	0.084	0.01	18.681	0.1309	0	0
1393.339172	0.082	0.01	18.699	0.1331	0	0
1393.360005	0.085	0.01	18.662	0.1285	0	0
1393.380838	0.103	0.0101	18.461	0.1068	0	0
1393.401671	0.127	0.0101	18.226	0.0859	0	0
1393.422504	0.099	0.01	18.496	0.11	0	0
1393.443337	0.14	0.0101	18.123	0.0781	0	0
1393.464171	0.124	0.0101	18.254	0.0881	0	0
1393.485004	0.086	0.0101	18.647	0.1268	0	0
1393.505837	0.089	0.01	18.619	0.1235	0	0
1393.52667	0.077	0.01	18.767	0.1417	0	0
1393.547503	0.078	0.01	18.765	0.1414	0	0
1393.568336	0.08	0.0101	18.728	0.1368	0	0
1393.589169	0.077	0.0101	18.775	0.1432	0	0
1393.610003	0.095	0.0101	18.549	0.1163	0	0
1393.630836	0.131	0.0101	18.192	0.0837	0	0
1393.651669	0.097	0.0101	18.518	0.1134	0	0
1393.672502	0.082	0.0102	18.704	0.1352	0	0
1393.693335	0.121	0.0102	18.28	0.0917	0	0
1393.714168	0.131	0.0103	18.199	0.0856	0	0
1393.735001	0.107	0.0103	18.412	0.1048	0	0
1393.755835	0.122	0.0104	18.27	0.0926	0	0
1393.776668	0.137	0.0105	18.147	0.0833	0	0
1393.797501	0.134	0.0106	18.174	0.0862	0	0
1393.818334	0.11	0.0107	18.386	0.1057	0	0
1393.839167	0.13	0.0108	18.2	0.0899	0	0
1393.86	0.078	0.0109	18.761	0.1526	0	0
1393.880833	0.122	0.011	18.271	0.0977	0	0
1393.901667	0.143	0.0111	18.104	0.0844	0	0
1393.9225	0.113	0.0111	18.353	0.1071	0	0
1393.943333	0.129	0.0112	18.214	0.095	0	0
1393.964166	0.094	0.0113	18.557	0.1315	0	0
1393.984999	0.104	0.0114	18.447	0.1196	0	0
1394.005832	0.092	0.0115	18.583	0.1373	0	0
1394.026665	0.069	0.0116	18.89	0.1847	0	0
1394.047499	0.09	0.0118	18.603	0.1427	0	0
1394.068332	0.071	0.0119	18.858	0.1832	0	0
1394.089165	0.08	0.012	18.725	0.1637	0	0
1394.109998	0.074	0.0122	18.82	0.1814	0	0
1394.130831	0.097	0.0124	18.517	0.1385	0	0
1394.151664	0.106	0.0125	18.421	0.1285	0	0
1394.172497	0.118	0.0127	18.309	0.1174	0	0
1394.193331	0.097	0.0129	18.524	0.1455	0	0
1396.109981	0.14	0.0121	18.127	0.0946	0	0
1396.130814	0.141	0.012	18.113	0.092	0	0
1396.151647	0.185	0.0118	17.822	0.0693	0	0
1396.172481	0.09	0.0116	18.6	0.1399	0	0
1396.193314	0.1	0.0114	18.489	0.1243	0	0
1396.214147	0.135	0.0112	18.165	0.0909	0	0
1396.23498	0.132	0.0111	18.188	0.0917	0	0
1396.255813	0.142	0.011	18.11	0.0845	0	0
1396.276646	0.128	0.0109	18.221	0.0926	0	0
1396.297479	0.124	0.0108	18.254	0.0945	0	0
1396.318313	0.155	0.0107	18.015	0.0752	0	0
1396.339146	0.142	0.0106	18.105	0.0809	0	0
1396.359979	0.13	0.0105	18.206	0.0879	0	0
1396.380812	0.128	0.0104	18.219	0.0881	0	0
1396.401645	0.169	0.0103	17.921	0.0663	0	0
1396.422478	0.138	0.0102	18.143	0.0806	0	0
1396.443311	0.11	0.0101	18.39	0.1005	0	0
1396.505811	0.078	0.01	18.759	0.1403	0	0
1396.526644	0.133	0.01	18.18	0.0819	0	0
1396.547477	0.115	0.01	18.336	0.0946	0	0
1396.651643	0.124	0.01	18.253	0.0875	0	0
1396.672476	0.096	0.01	18.537	0.1137	0	0
1396.693309	0.146	0.01	18.079	0.0745	0	0
1396.714142	0.118	0.01	18.312	0.0924	0	0
1396.734975	0.122	0.01	18.273	0.0891	0	0
1396.755808	0.1	0.01	18.487	0.1086	0	0
1396.776641	0.134	0.01	18.169	0.081	0	0
1396.797475	0.093	0.01	18.566	0.1169	0	0
1396.818308	0.104	0.01	18.441	0.1041	0	0
1396.839141	0.123	0.01	18.261	0.0882	0	0
1396.859974	0.115	0.01	18.34	0.0949	0	0
1396.880807	0.114	0.01	18.347	0.0954	0	0
1396.90164	0.139	0.01	18.129	0.0781	0	0
1396.922473	0.127	0.01	18.23	0.0858	0	0
1396.943306	0.094	0.01	18.557	0.116	0	0
1396.964139	0.105	0.01	18.436	0.1037	0	0
1396.984972	0.121	0.01	18.279	0.0898	0	0
1397.005805	0.15	0.01	18.049	0.0729	0	0
1397.026639	0.165	0.01	17.948	0.0661	0	0
1397.047472	0.167	0.01	17.929	0.065	0	0
1397.068305	0.092	0.01	18.578	0.1184	0	0
1397.089138	0.165	0.01	17.947	0.0661	0	0
1397.109971	0.136	0.01	18.157	0.0802	0	0
1397.130804	0.14	0.01	18.127	0.0779	0	0
1397.151637	0.12	0.01	18.295	0.0911	0	0
1397.17247	0.104	0.01	18.445	0.1046	0	0
1397.193303	0.138	0.01	18.143	0.0791	0	0
1397.214136	0.128	0.01	18.225	0.0854	0	0
1397.234969	0.138	0.01	18.137	0.0787	0	0
1397.255802	0.137	0.01	18.148	0.0795	0	0
1397.276635	0.141	0.01	18.115	0.0771	0	0
1397.297469	0.128	0.01	18.222	0.085	0	0
1397.318302	0.151	0.01	18.038	0.0719	0	0
1397.339135	0.11	0.01	18.389	0.0993	0	0
1397.359968	0.129	0.01	18.215	0.0845	0	0
1397.380801	0.127	0.01	18.227	0.0856	0	0
1397.401634	0.118	0.01	18.308	0.0921	0	0
1397.422467	0.136	0.01	18.152	0.0798	0	0
1397.4433	0.115	0.01	18.336	0.0946	0	0
1397.464133	0.103	0.01	18.454	0.1054	0	0
1397.484966	0.117	0.01	18.32	0.0932	0	0
1397.505799	0.104	0.01	18.448	0.1049	0	0
1397.526632	0.13	0.01	18.201	0.0836	0	0
1397.547465	0.166	0.01	17.938	0.0655	0	0
1397.568298	0.117	0.01	18.323	0.0935	0	0
1397.589131	0.152	0.01	18.034	0.0716	0	0
1397.609964	0.133	0.01	18.177	0.0816	0	0
1397.630797	0.14	0.01	18.127	0.078	0	0
1397.65163	0.142	0.01	18.11	0.0768	0	0
1397.672463	0.142	0.01	18.105	0.0765	0	0
1397.693296	0.148	0.01	18.063	0.0736	0	0
1397.714129	0.107	0.01	18.416	0.1019	0	0
1397.734962	0.128	0.01	18.222	0.0852	0	0
1397.755796	0.085	0.01	18.671	0.129	0	0
1397.776629	0.123	0.01	18.264	0.0886	0	0
1397.797462	0.155	0.01	18.011	0.0701	0	0
1397.818295	0.115	0.01	18.342	0.0951	0	0
1397.839128	0.123	0.01	18.263	0.0884	0	0
1397.859961	0.136	0.01	18.151	0.0798	0	0
1397.880794	0.13	0.01	18.205	0.0839	0	0
1397.901627	0.156	0.01	18.003	0.0696	0	0
1397.92246	0.101	0.01	18.475	0.1077	0	0
1397.943293	0.12	0.01	18.291	0.0908	0	0
1397.964126	0.142	0.01	18.106	0.0766	0	0
1397.984959	0.14	0.01	18.12	0.0776	0	0
1398.005792	0.128	0.01	18.222	0.0852	0	0
1398.026625	0.12	0.01	18.29	0.0907	0	0
1398.047458	0.121	0.01	18.284	0.0902	0	0
1398.068291	0.158	0.01	17.994	0.069	0	0
1398.089124	0.127	0.01	18.227	0.0857	0	0
1398.109957	0.13	0.01	18.202	0.0837	0	0
1398.13079	0.153	0.01	18.024	0.071	0	0
1398.151623	0.118	0.01	18.31	0.0924	0	0
1398.172456	0.112	0.01	18.361	0.0969	0	0
1398.193289	0.084	0.01	18.676	0.1296	0	0
1398.214122	0.131	0.01	18.2	0.0835	0	0
1398.234955	0.105	0.01	18.436	0.1038	0	0
1398.255788	0.114	0.01	18.349	0.0959	0	0
1398.276621	0.127	0.01	18.232	0.086	0	0
1398.297454	0.135	0.01	18.162	0.0806	0	0
1398.318287	0.119	0.01	18.3	0.0916	0	0
1398.33912	0.117	0.01	18.318	0.0931	0	0
1398.359953	0.133	0.01	18.181	0.0821	0	0
1398.380786	0.11	0.01	18.385	0.0991	0	0
1398.401619	0.108	0.01	18.407	0.101	0	0
1398.422452	0.143	0.01	18.097	0.076	0	0
1398.443285	0.1	0.01	18.486	0.1087	0	0
1398.464118	0.143	0.01	18.1	0.0762	0	0
1398.484951	0.143	0.01	18.097	0.0759	0	0
1398.505784	0.119	0.01	18.296	0.0913	0	0
1398.526617	0.12	0.01	18.291	0.091	0	0
1398.54745	0.159	0.01	17.987	0.0686	0	0
1398.568283	0.14	0.01	18.122	0.0778	0	0
1398.589116	0.103	0.01	18.461	0.1062	0	0
1398.609949	0.106	0.01	18.421	0.1025	0	0
1398.630782	0.141	0.01	18.119	0.0775	0	0
1398.651615	0.117	0.01	18.316	0.093	0	0
1398.672448	0.151	0.01	18.041	0.0722	0	0
1398.714114	0.15	0.0104	18.045	0.0755	36	0
1398.734947	0.14	0.01	18.124	0.0778	0	0
1398.755779	0.122	0.01	18.27	0.0891	0	0
1398.776612	0.108	0.01	18.403	0.1008	0	0
1398.797445	0.07	0.01	18.88	0.1569	0	0
1398.818278	0.102	0.01	18.472	0.1073	0	0
1398.839111	0.1	0.01	18.484	0.1086	0	0
1398.859944	0.118	0.01	18.312	0.0926	0	0
1398.880777	0.1	0.01	18.494	0.1096	0	0
1398.90161	0.106	0.01	18.427	0.103	0	0
1398.922443	0.116	0.01	18.323	0.0937	0	0
1398.943276	0.143	0.01	18.102	0.0765	0	0
1398.964109	0.15	0.01	18.049	0.0729	0	0
1398.984942	0.126	0.01	18.242	0.087	0	0
1399.005775	0.132	0.01	18.191	0.083	0	0
1399.026608	0.091	0.01	18.592	0.1202	0	0
1399.047441	0.157	0.0101	18.001	0.0697	0	0
1399.068274	0.165	0.0101	17.947	0.0664	0	0
1399.089107	0.151	0.01	18.04	0.0723	0	0
1399.10994	0.116	0.01	18.323	0.0938	0	0
1399.130773	0.109	0.01	18.394	0.1001	0	0
1399.151606	0.125	0.01	18.249	0.0876	0	0
1399.172439	0.119	0.01	18.304	0.0922	0	0
1399.193272	0.125	0.01	18.245	0.0873	0	0
1399.214105	0.125	0.01	18.245	0.0873	0	0
1399.234938	0.113	0.01	18.355	0.0967	0	0
1399.255771	0.111	0.01	18.374	0.0984	0	0
1399.276604	0.129	0.0101	18.214	0.0849	0	0
1399.297436	0.116	0.0101	18.326	0.0942	0	0
1399.318269	0.15	0.0101	18.051	0.0731	0	0
1399.339102	0.13	0.0101	18.203	0.0841	0	0
1399.359935	0.147	0.0101	18.067	0.0742	0	0
1399.380768	0.14	0.0101	18.126	0.0784	0	0
1399.401601	0.151	0.0101	18.041	0.0724	0	0
1399.422434	0.138	0.0101	18.138	0.0792	0	0
1399.443267	0.134	0.0101	18.173	0.0818	0	0
1399.4641	0.132	0.0101	18.184	0.0826	0	0
1399.484933	0.111	0.01	18.378	0.0988	0	0
1399.505766	0.114	0.01	18.346	0.0959	0	0
1399.526599	0.139	0.0101	18.132	0.0787	0	0
1399.547432	0.155	0.0101	18.015	0.0707	0	0
1399.568265	0.125	0.0101	18.251	0.0878	0	0
1399.589098	0.13	0.0101	18.202	0.084	0	0
1399.609931	0.154	0.0101	18.018	0.0709	0	0
1399.630764	0.116	0.01	18.326	0.0942	0	0
1399.651596	0.117	0.0101	18.317	0.0934	0	0
1399.672429	0.121	0.01	18.283	0.0905	0	0
1399.693262	0.156	0.0101	18.003	0.0699	0	0
1399.714095	0.139	0.0101	18.128	0.0784	0	0
1399.734928	0.089	0.01	18.616	0.1231	0	0
1399.755761	0.132	0.0101	18.185	0.0827	0	0
1399.776594	0.126	0.0101	18.239	0.0869	0	0
1399.797427	0.099	0.01	18.501	0.1107	0	0
1399.81826	0.116	0.0101	18.33	0.0945	0	0
1399.839093	0.104	0.01	18.445	0.105	0	0
1399.859926	0.142	0.0101	18.109	0.0771	0	0
1399.880759	0.137	0.0101	18.149	0.08	0	0
1399.901592	0.156	0.0101	18.003	0.0699	0	0
1399.922425	0.127	0.0101	18.233	0.0865	0	0
1399.943257	0.117	0.0101	18.323	0.0939	0	0
1399.96409	0.143	0.0101	18.103	0.0767	0	0
1399.984923	0.099	0.01	18.497	0.1102	0	0
1400.005756	0.116	0.0101	18.325	0.0941	0	0
1400.026589	0.125	0.01	18.246	0.0874	0	0
1400.047422	0.112	0.01	18.362	0.0973	0	0
1400.068255	0.098	0.01	18.507	0.1113	0	0
1400.089088	0.141	0.0101	18.115	0.0775	0	0
1400.109921	0.149	0.0101	18.059	0.0736	0	0
1400.130754	0.151	0.0101	18.038	0.0722	0	0
1400.151587	0.128	0.0101	18.222	0.0855	0	0
1400.17242	0.132	0.0101	18.186	0.0827	0	0
1400.193252	0.118	0.01	18.313	0.093	0	0
1400.214085	0.127	0.01	18.225	0.0857	0	0
1400.234918	0.145	0.01	18.087	0.0755	0	0
1400.255751	0.148	0.0101	18.064	0.0739	0	0
1400.276584	0.158	0.0101	17.991	0.0691	0	0
1400.297417	0.136	0.0101	18.152	0.0802	0	0
1400.31825	0.102	0.01	18.462	0.1067	0	0
1400.339083	0.139	0.0101	18.131	0.0786	0	0
1400.359916	0.129	0.01	18.21	0.0846	0	0
1400.380749	0.136	0.01	18.152	0.0802	0	0
1400.401582	0.113	0.01	18.353	0.0965	0	0
1400.422414	0.145	0.0101	18.082	0.0752	0	0
1400.443247	0.13	0.01	18.201	0.0839	0	0
1400.46408	0.157	0.0101	18	0.0697	0	0
1400.484913	0.131	0.0101	18.199	0.0837	0	0
1400.505746	0.137	0.0101	18.147	0.0798	0	0
1400.526579	0.148	0.0101	18.062	0.0738	0	0
1400.547412	0.142	0.0101	18.107	0.0769	0	0
1400.568245	0.152	0.0101	18.035	0.072	0	0
1400.589078	0.115	0.0101	18.339	0.0953	0	0
1400.609911	0.124	0.0101	18.256	0.0883	0	0
1400.630743	0.15	0.0101	18.049	0.073	0	0
1400.651576	0.13	0.0101	18.206	0.0846	0	0
1400.672409	0.1	0.0101	18.485	0.1092	0	0
1400.693242	0.121	0.0106	18.283	0.0951	0	0
1400.755741	0.136	0.0101	18.151	0.0801	0	0
1400.776574	0.153	0.0101	18.029	0.0716	0	0
1400.797407	0.105	0.01	18.441	0.1047	0	0
1400.818239	0.133	0.0101	18.182	0.0824	0	0
1400.839072	0.152	0.0101	18.035	0.072	0	0
1400.859905	0.128	0.0101	18.217	0.0852	0	0
1400.880738	0.146	0.0101	18.078	0.0749	0	0
1400.901571	0.148	0.0101	18.063	0.0739	0	0
1400.922404	0.108	0.01	18.41	0.1017	0	0
1400.943237	0.114	0.01	18.35	0.0963	0	0
1400.96407	0.121	0.0101	18.278	0.0902	0	0
1400.984902	0.106	0.0101	18.427	0.1034	0	0
1401.005735	0.105	0.0101	18.431	0.1038	0	0
1401.026568	0.143	0.0101	18.1	0.0764	0	0
1401.047401	0.157	0.0101	17.997	0.0695	0	0
1401.068234	0.091	0.01	18.594	0.1207	0	0
1401.089067	0.128	0.0101	18.222	0.0856	0	0
1401.1099	0.102	0.0101	18.47	0.1076	0	0
1401.130733	0.152	0.0101	18.032	0.0719	0	0
1401.151566	0.158	0.0101	17.989	0.0691	0	0
1401.172398	0.101	0.0101	18.475	0.1082	0	0
1401.193231	0.171	0.0101	17.905	0.064	0	0
1401.214064	0.117	0.0101	18.316	0.0937	0	0
1401.234897	0.13	0.0101	18.205	0.0845	0	0
1401.25573	0.116	0.0101	18.326	0.0947	0	0
1401.276563	0.097	0.0101	18.522	0.1133	0	0
1401.297396	0.118	0.0101	18.313	0.0933	0	0
1401.318229	0.113	0.0101	18.353	0.0968	0	0
1401.339061	0.136	0.0101	18.152	0.0803	0	0
1401.359894	0.152	0.0101	18.032	0.0719	0	0
1401.380727	0.098	0.0101	18.506	0.1113	0	0
1401.40156	0.122	0.0101	18.276	0.09	0	0
1401.422393	0.117	0.0101	18.315	0.0934	0	0
1401.443226	0.115	0.0101	18.336	0.0951	0	0
1401.464059	0.104	0.0101	18.45	0.1057	0	0
1401.484891	0.119	0.0101	18.302	0.0921	0	0
1401.505724	0.106	0.0101	18.429	0.1036	0	0
1401.526557	0.123	0.0101	18.26	0.0886	0	0
1401.54739	0.115	0.0101	18.339	0.0954	0	0
1401.568223	0.151	0.0101	18.041	0.0725	0	0
1401.589056	0.112	0.0101	18.37	0.0982	0	0
1401.609889	0.125	0.0101	18.248	0.0878	0	0
1401.630721	0.147	0.0101	18.07	0.0744	0	0
1401.651554	0.137	0.0101	18.151	0.0802	0	0
1401.672387	0.115	0.0101	18.341	0.0957	0	0
1401.69322	0.119	0.0101	18.296	0.0916	0	0
1401.714053	0.13	0.0101	18.204	0.0843	0	0
1401.734886	0.107	0.0101	18.418	0.1026	0	0
1401.755719	0.173	0.0101	17.893	0.0632	0	0
1401.776551	0.129	0.0101	18.211	0.0847	0	0
1401.797384	0.096	0.01	18.538	0.1145	0	0
1401.818217	0.158	0.0101	17.993	0.0692	0	0
1401.83905	0.106	0.0101	18.429	0.1037	0	0
1401.859883	0.09	0.01	18.6	0.1212	0	0
1401.880716	0.155	0.0101	18.012	0.0705	0	0
1401.901549	0.132	0.0101	18.186	0.0827	0	0
1401.922381	0.118	0.0101	18.311	0.093	0	0
1401.943214	0.12	0.0101	18.289	0.091	0	0
1401.964047	0.139	0.0101	18.131	0.0787	0	0
1401.98488	0.111	0.0101	18.375	0.0987	0	0
1402.005713	0.154	0.0101	18.021	0.0712	0	0
1402.026546	0.126	0.0101	18.241	0.0872	0	0
1402.047379	0.131	0.0101	18.195	0.0835	0	0
1402.068211	0.13	0.0101	18.206	0.0843	0	0
1402.089044	0.121	0.0101	18.279	0.0902	0	0
1402.109877	0.143	0.0101	18.099	0.0765	0	0
1402.13071	0.14	0.0101	18.125	0.0782	0	0
1402.151543	0.144	0.0101	18.093	0.076	0	0
1402.172376	0.14	0.0101	18.122	0.0781	0	0
1402.193208	0.134	0.0101	18.17	0.0816	0	0
1402.214041	0.136	0.0101	18.151	0.0802	0	0
1402.234874	0.154	0.0101	18.023	0.0713	0	0
1402.255707	0.158	0.0101	17.992	0.0693	0	0
1402.27654	0.104	0.01	18.449	0.1055	0	0
1402.297373	0.12	0.0101	18.294	0.0915	0	0
1402.318205	0.107	0.0101	18.417	0.1026	0	0
1402.339038	0.104	0.0101	18.441	0.105	0	0
1402.359871	0.129	0.0101	18.21	0.0848	0	0
1402.380704	0.137	0.0101	18.149	0.0802	0	0
1402.401537	0.075	0.0101	18.805	0.1471	0	0
1402.42237	0.121	0.0101	18.286	0.091	0	0
1402.443202	0.122	0.0101	18.269	0.0896	0	0
1402.464035	0.141	0.0101	18.118	0.0781	0	0
1402.484868	0.111	0.0101	18.378	0.0992	0	0
1402.505701	0.129	0.0101	18.213	0.0852	0	0
1402.526534	0.093	0.0101	18.571	0.1186	0	0
1402.547367	0.1	0.0101	18.486	0.1096	0	0
1402.568199	0.113	0.0101	18.354	0.097	0	0
1402.589032	0.076	0.0101	18.781	0.1441	0	0
1402.609865	0.154	0.0101	18.018	0.0712	0	0
1402.630698	0.134	0.0101	18.169	0.0819	0	0
1402.651531	0.116	0.0101	18.33	0.095	0	0
1402.672364	0.104	0.0101	18.441	0.1055	0	0
1402.714029	0.136	0.0106	18.153	0.0844	36	0
1402.734862	0.141	0.0101	18.117	0.0779	0	0
1402.755695	0.148	0.0101	18.062	0.074	0	0
1402.776528	0.115	0.0101	18.336	0.0953	0	0
1402.79736	0.155	0.0101	18.013	0.0708	0	0
1402.818193	0.172	0.0101	17.901	0.0639	0	0
1402.839026	0.114	0.0101	18.345	0.0961	0	0
1402.859859	0.133	0.0101	18.175	0.0822	0	0
1402.880692	0.125	0.0101	18.248	0.0879	0	0
1402.901525	0.14	0.0101	18.127	0.0786	0	0
1402.922357	0.153	0.0101	18.027	0.0717	0	0
1402.94319	0.096	0.0101	18.537	0.1148	0	0
1402.964023	0.128	0.0101	18.223	0.0859	0	0
1402.984856	0.165	0.0101	17.947	0.0666	0	0
1403.005689	0.136	0.0101	18.155	0.0807	0	0
1403.026521	0.115	0.0101	18.333	0.0951	0	0
1403.047354	0.093	0.0101	18.569	0.1182	0	0
1403.068187	0.106	0.0101	18.421	0.1031	0	0
1403.08902	0.163	0.0101	17.959	0.0673	0	0
1403.109853	0.126	0.0101	18.24	0.0872	0	0
1403.130685	0.13	0.0101	18.203	0.0843	0	0
1403.151518	0.123	0.0101	18.261	0.0889	0	0
1403.172351	0.129	0.0101	18.214	0.0851	0	0
1403.193184	0.147	0.0101	18.07	0.0746	0	0
1403.214017	0.138	0.0101	18.14	0.0795	0	0
1403.234849	0.149	0.0101	18.058	0.0737	0	0
1403.255682	0.15	0.0101	18.05	0.0731	0	0
1403.276515	0.087	0.0101	18.64	0.1262	0	0
1403.297348	0.14	0.0101	18.124	0.0784	0	0
1403.318181	0.096	0.0101	18.537	0.1148	0	0
1403.339014	0.144	0.0101	18.096	0.0764	0	0
1403.359846	0.111	0.0101	18.376	0.0989	0	0
1403.380679	0.159	0.0101	17.987	0.0692	0	0
1403.401512	0.156	0.0101	18.003	0.0701	0	0
1403.422345	0.154	0.0101	18.022	0.0714	0	0
1403.443178	0.194	0.0101	17.768	0.0565	0	0
1403.46401	0.139	0.0101	18.129	0.0787	0	0
1403.484843	0.13	0.0101	18.203	0.0843	0	0
1403.505676	0.119	0.0101	18.301	0.0923	0	0
1403.526509	0.183	0.0101	17.833	0.06	0	0
1403.547342	0.127	0.0101	18.232	0.0866	0	0
1403.568174	0.138	0.0101	18.136	0.0793	0	0
1403.589007	0.084	0.0101	18.676	0.1307	0	0
1403.60984	0.149	0.0101	18.057	0.0739	0	0
1403.630673	0.117	0.0101	18.314	0.0935	0	0
1403.651505	0.128	0.0101	18.224	0.086	0	0
1403.672338	0.109	0.0101	18.4	0.1012	0	0
1403.693171	0.114	0.0101	18.343	0.096	0	0
1403.714004	0.138	0.0101	18.136	0.0794	0	0
1403.734837	0.113	0.0101	18.359	0.0975	0	0
1403.755669	0.078	0.0101	18.759	0.1411	0	0
1403.776502	0.119	0.0101	18.299	0.0922	0	0
1403.797335	0.13	0.0101	18.207	0.0847	0	0
1403.818168	0.159	0.0101	17.986	0.0691	0	0
1403.839001	0.115	0.0101	18.335	0.0953	0	0
1403.859833	0.104	0.0101	18.443	0.1054	0	0
1403.880666	0.159	0.0101	17.988	0.0693	0	0
1403.901499	0.119	0.0101	18.304	0.0927	0	0
1403.922332	0.079	0.0101	18.745	0.1394	0	0
1403.943165	0.133	0.0101	18.177	0.0825	0	0
1403.963997	0.138	0.0101	18.137	0.0795	0	0
1403.98483	0.132	0.0101	18.19	0.0835	0	0
1404.005663	0.152	0.0101	18.033	0.0722	0	0
1404.026496	0.153	0.0101	18.027	0.0718	0	0
1404.047328	0.12	0.0101	18.289	0.0914	0	0
1404.068161	0.113	0.0101	18.358	0.0975	0	0
1404.088994	0.118	0.0101	18.314	0.0935	0	0
1404.109827	0.137	0.0101	18.144	0.0799	0	0
1404.13066	0.119	0.0101	18.3	0.0923	0	0
1404.151492	0.119	0.0101	18.298	0.0921	0	0
1404.172325	0.125	0.0101	18.245	0.0878	0	0
1404.193158	0.107	0.0101	18.415	0.1027	0	0
1404.213991	0.111	0.0101	18.379	0.0993	0	0
1404.234823	0.113	0.0101	18.354	0.0971	0	0
1404.255656	0.148	0.0101	18.065	0.0743	0	0
1404.276489	0.108	0.0101	18.406	0.1019	0	0
1404.297322	0.119	0.0101	18.298	0.0923	0	0
1404.318155	0.109	0.0101	18.393	0.1007	0	0
1404.338987	0.181	0.0101	17.842	0.0607	0	0
1404.35982	0.12	0.0101	18.29	0.0916	0	0
1404.380653	0.138	0.0101	18.138	0.0796	0	0
1404.401486	0.123	0.0101	18.263	0.0895	0	0
1404.422318	0.142	0.0101	18.105	0.0773	0	0
1404.443151	0.125	0.0101	18.244	0.0879	0	0
1404.463984	0.15	0.0101	18.051	0.0736	0	0
1404.484817	0.109	0.0101	18.394	0.101	0	0
1404.505649	0.127	0.0101	18.231	0.0868	0	0
1404.526482	0.124	0.0101	18.257	0.089	0	0
1404.547315	0.07	0.0101	18.881	0.1587	0	0
1404.568148	0.124	0.0101	18.252	0.0886	0	0
1404.58898	0.127	0.0101	18.233	0.0872	0	0
1404.609813	0.114	0.0102	18.347	0.097	0	0
1404.630646	0.146	0.0101	18.077	0.0755	0	0
1404.651479	0.098	0.0101	18.514	0.1129	0	0
1404.672312	0.143	0.0101	18.104	0.0774	0	0
1404.713977	0.116	0.0107	18.324	0.1	36	0
1404.73481	0.148	0.0101	18.065	0.0744	0	0
1404.755643	0.141	0.0101	18.117	0.0781	0	0
1404.776475	0.142	0.0101	18.108	0.0774	0	0
1404.797308	0.129	0.0101	18.208	0.085	0	0
1404.818141	0.1	0.0101	18.484	0.1096	0	0
1404.838974	0.115	0.0101	18.34	0.0959	0	0
1404.859806	0.141	0.0101	18.116	0.078	0	0
1404.880639	0.118	0.0101	18.311	0.0934	0	0
1404.901472	0.117	0.0101	18.315	0.0937	0	0
1404.922305	0.146	0.0101	18.08	0.0755	0	0
1404.943137	0.124	0.0101	18.258	0.089	0	0
1404.96397	0.163	0.0101	17.958	0.0675	0	0
1404.984803	0.107	0.0101	18.413	0.1026	0	0
1405.005636	0.113	0.0101	18.357	0.0975	0	0
1405.026468	0.11	0.0101	18.381	0.0997	0	0
1405.047301	0.089	0.0101	18.612	0.1234	0	0
1405.068134	0.141	0.0101	18.117	0.0781	0	0
1405.088967	0.116	0.0101	18.33	0.0952	0	0
1405.109799	0.129	0.0101	18.212	0.0853	0	0
1405.130632	0.122	0.0101	18.277	0.0906	0	0
1405.151465	0.15	0.0101	18.051	0.0736	0	0
1405.172298	0.151	0.0101	18.042	0.0729	0	0
1405.19313	0.153	0.0101	18.03	0.0721	0	0
1405.213963	0.128	0.0101	18.218	0.0858	0	0
1405.234796	0.104	0.0101	18.446	0.106	0	0
1405.255629	0.148	0.0101	18.062	0.0743	0	0
1405.276461	0.145	0.0101	18.088	0.0762	0	0
1405.297294	0.111	0.0101	18.374	0.0992	0	0
1405.318127	0.114	0.0101	18.344	0.0966	0	0
1405.33896	0.121	0.0101	18.28	0.091	0	0
1405.359792	0.097	0.0101	18.521	0.1137	0	0
1405.380625	0.114	0.0101	18.35	0.0971	0	0
1405.401458	0.167	0.0101	17.931	0.066	0	0
1405.422291	0.11	0.0101	18.382	0.0999	0	0
1405.443123	0.114	0.0101	18.344	0.0965	0	0
1405.463956	0.11	0.0101	18.381	0.0999	0	0
1405.484789	0.108	0.0101	18.407	0.1022	0	0
1405.505622	0.138	0.0101	18.141	0.08	0	0
1405.526454	0.144	0.0101	18.093	0.0766	0	0
1405.547287	0.194	0.0102	17.768	0.0568	0	0
1405.56812	0.132	0.0101	18.186	0.0834	0	0
1405.588952	0.12	0.0101	18.288	0.0916	0	0
1405.609785	0.121	0.0101	18.283	0.0912	0	0
1405.630618	0.126	0.0101	18.238	0.0875	0	0
1405.651451	0.115	0.0101	18.337	0.0959	0	0
1405.672283	0.124	0.0101	18.259	0.0892	0	0
1405.693116	0.139	0.0101	18.135	0.0796	0	0
1405.713949	0.085	0.0101	18.668	0.1302	0	0
1405.734782	0.103	0.0101	18.461	0.1074	0	0
1405.755614	0.142	0.0101	18.109	0.0777	0	0
1405.776447	0.123	0.0101	18.261	0.0894	0	0
1405.79728	0.103	0.0101	18.459	0.1073	0	0
1405.818113	0.102	0.0101	18.463	0.1079	0	0
1405.838945	0.144	0.0102	18.092	0.0766	0	0
1405.859778	0.114	0.0101	18.349	0.097	0	0
1405.880611	0.104	0.0101	18.444	0.1059	0	0
1405.901443	0.096	0.0101	18.529	0.1145	0	0
1405.922276	0.115	0.0101	18.335	0.0957	0	0
1405.943109	0.123	0.0101	18.262	0.0895	0	0
1405.963942	0.134	0.0101	18.175	0.0826	0	0
1405.984774	0.101	0.0101	18.479	0.1093	0	0
1406.005607	0.132	0.0101	18.191	0.0839	0	0
1406.02644	0.132	0.0101	18.184	0.0833	0	0
1406.047273	0.129	0.0101	18.211	0.0855	0	0
1406.068105	0.115	0.0101	18.338	0.0961	0	0
1406.088938	0.124	0.0101	18.26	0.0893	0	0
1406.109771	0.115	0.0101	18.336	0.096	0	0
1406.130603	0.106	0.0101	18.422	0.1038	0	0
1406.151436	0.072	0.0101	18.849	0.1544	0	0
1406.172269	0.09	0.0101	18.606	0.123	0	0
1406.193102	0.148	0.0101	18.06	0.0743	0	0
1406.234767	0.113	0.0131	18.352	0.1256	4	0
1406.2556	0.148	0.012	18.065	0.0885	4	0
1406.276432	0.087	0.0102	18.642	0.1285	0	0
1406.297265	0.142	0.0102	18.111	0.0786	0	0
1406.318098	0.137	0.0102	18.146	0.0812	0	0
1406.338931	0.133	0.0103	18.178	0.0839	0	0
1406.359763	0.148	0.0102	18.064	0.0753	0	0
1406.380596	0.121	0.0102	18.284	0.0923	0	0
1406.401429	0.099	0.0102	18.497	0.1125	0	0
1406.422262	0.142	0.0103	18.105	0.0784	0	0
1406.443094	0.109	0.0103	18.398	0.1028	0	0
1406.463927	0.112	0.0103	18.366	0.1	0	0
1406.48476	0.109	0.0103	18.4	0.1029	0	0
1406.505592	0.121	0.0103	18.281	0.0923	0	0
1406.526425	0.124	0.0103	18.259	0.0905	0	0
1406.547258	0.101	0.0103	18.483	0.1112	0	0
1406.568091	0.123	0.0103	18.267	0.0912	0	0
1406.588923	0.109	0.0103	18.395	0.1026	0	0
1406.609756	0.128	0.0103	18.219	0.0872	0	0
1406.630589	0.129	0.0103	18.208	0.0863	0	0
1406.651421	0.121	0.0103	18.279	0.0921	0	0
1406.672254	0.122	0.0103	18.275	0.0918	0	0
1406.693087	0.123	0.0103	18.26	0.0907	0	0
1406.713919	0.149	0.0103	18.056	0.0751	0	0
1406.734752	0.069	0.0102	18.886	0.1616	0	0
1406.755585	0.127	0.0103	18.226	0.0877	0	0
1406.776418	0.115	0.0103	18.34	0.0976	0	0
1406.79725	0.126	0.0103	18.236	0.0886	0	0
1406.818083	0.122	0.0103	18.269	0.0914	0	0
1406.838916	0.128	0.0103	18.221	0.0874	0	0
1406.859748	0.106	0.0103	18.427	0.1056	0	0
1406.880581	0.086	0.0103	18.653	0.1303	0	0
1406.901414	0.113	0.0103	18.357	0.0991	0	0
1406.922247	0.123	0.0103	18.264	0.0909	0	0
1406.943079	0.086	0.0103	18.653	0.1308	0	0
1406.963912	0.112	0.0103	18.369	0.1005	0	0
1406.984745	0.063	0.0103	18.985	0.1782	0	0
1407.005577	0.15	0.0103	18.047	0.0746	0	0
1407.02641	0.089	0.0103	18.612	0.1261	0	0
1407.047243	0.092	0.0103	18.585	0.1226	0	0
1407.068075	0.114	0.0103	18.346	0.0984	0	0
1407.088908	0.105	0.0103	18.433	0.1065	0	0
1407.109741	0.11	0.0103	18.383	0.1019	0	0
1407.130574	0.119	0.0103	18.296	0.0942	0	0
1407.151406	0.082	0.0103	18.704	0.137	0	0
1407.172239	0.124	0.0103	18.252	0.0905	0	0
1407.193072	0.102	0.0103	18.468	0.1103	0	0
1407.213904	0.141	0.0103	18.116	0.0796	0	0
1407.234737	0.147	0.0103	18.073	0.0766	0	0
1407.25557	0.131	0.0103	18.196	0.0859	0	0
1407.276402	0.095	0.0103	18.546	0.1186	0	0
1407.297235	0.092	0.0103	18.575	0.122	0	0
1407.318068	0.103	0.0103	18.452	0.1089	0	0
1407.338901	0.122	0.0104	18.276	0.0926	0	0
1407.359733	0.104	0.0104	18.447	0.1085	0	0
1407.380566	0.126	0.0104	18.239	0.0897	0	0
1407.401399	0.105	0.0104	18.437	0.1078	0	0
1407.422231	0.15	0.0104	18.051	0.0755	0	0
1407.443064	0.116	0.0104	18.331	0.0979	0	0
1407.463897	0.113	0.0104	18.359	0.1002	0	0
1407.484729	0.107	0.0104	18.418	0.1057	0	0
1407.505562	0.105	0.0104	18.433	0.1072	0	0
1407.526395	0.103	0.0104	18.458	0.1098	0	0
1407.547228	0.128	0.0104	18.224	0.0886	0	0
1407.56806	0.087	0.0104	18.639	0.1301	0	0
1407.588893	0.11	0.0104	18.386	0.1029	0	0
1407.609726	0.106	0.0104	18.43	0.1071	0	0
1407.630558	0.128	0.0104	18.22	0.0881	0	0
1407.651391	0.109	0.0104	18.397	0.1037	0	0
1407.672224	0.141	0.0104	18.116	0.08	0	0
1407.693056	0.1	0.0104	18.492	0.1137	0	0
1407.713889	0.129	0.0104	18.212	0.0876	0	0
1407.734722	0.104	0.0104	18.442	0.1084	0	0
1407.755554	0.141	0.0104	18.114	0.0801	0	0
1407.776387	0.157	0.0104	17.999	0.0721	0	0
1407.79722	0.114	0.0104	18.345	0.099	0	0
1407.818053	0.114	0.0104	18.35	0.0995	0	0
1407.838885	0.111	0.0104	18.378	0.1019	0	0
1407.859718	0.126	0.0104	18.236	0.0897	0	0
1407.880551	0.107	0.0103	18.411	0.1047	0	0
1407.901383	0.138	0.0104	18.135	0.0815	0	0
1407.922216	0.119	0.0104	18.301	0.0951	0	0
1407.943049	0.081	0.0104	18.712	0.1394	0	0
1407.963881	0.11	0.0104	18.389	0.1034	0	0
1407.984714	0.106	0.0104	18.428	0.1072	0	0
1408.005547	0.122	0.0104	18.269	0.0929	0	0
1408.026379	0.128	0.0105	18.217	0.089	0	0
1408.047212	0.113	0.0106	18.358	0.1019	0	0
1408.068045	0.096	0.0106	18.532	0.1202	0	0
1408.088877	0.062	0.0107	19.006	0.1887	0	0
1408.10971	0.107	0.0107	18.413	0.1089	0	0
1408.130543	0.061	0.0108	19.033	0.1962	0	0
1408.151376	0.1	0.0109	18.492	0.1195	0	0
1408.172208	0.097	0.011	18.527	0.1248	0	0
1408.193041	0.069	0.0111	18.892	0.1757	0	0
1408.213874	0.115	0.0113	18.338	0.1067	0	0
1408.234706	0.131	0.0113	18.194	0.0937	0	0
1408.255539	0.102	0.0114	18.465	0.1216	0	0
1408.276372	0.127	0.0115	18.23	0.0985	0	0
1408.297204	0.065	0.0116	18.953	0.1949	0	0
1408.318037	0.113	0.0117	18.354	0.1125	0	0
1408.33887	0.122	0.0118	18.272	0.1054	0	0
1408.359702	0.085	0.0119	18.664	0.1529	0	0
1408.380535	0.152	0.0121	18.032	0.0865	0	0
1408.401368	0.079	0.0123	18.745	0.1699	0	0
1408.422201	0.126	0.0124	18.235	0.1073	0	0
1408.443033	0.036	0.0127	19.601	0.3999	0	0
1408.463866	0.104	0.0129	18.449	0.136	0	0
1408.484699	0.116	0.0132	18.332	0.1245	0	0
1408.505531	0.067	0.0136	18.921	0.2226	0	0
1408.526364	0.051	0.0139	19.211	0.3017	0	0
1408.547197	0.098	0.0144	18.506	0.1597	0	0
1408.568029	0.114	0.0149	18.346	0.1427	0	0
1408.588862	0.142	0.0155	18.107	0.1188	0	0
1408.609695	0.126	0.0162	18.24	0.1402	0	0
1408.630527	0.115	0.0168	18.338	0.1597	0	0
1408.65136	0.144	0.0174	18.09	0.1318	0	0
1408.672193	0.123	0.0182	18.26	0.161	0	0
1408.693025	0.118	0.019	18.306	0.1755	0	0
1408.713858	0.169	0.0197	17.917	0.1271	0	0
1408.734691	0.113	0.0206	18.354	0.2	0	0
1408.755524	0.1	0.0216	18.49	0.238	0	0
1408.776356	0.171	0.0226	17.903	0.1439	0	0
