1871.67	0	0	0	0	0	0
1871.735122	0.052	0.0124	19.205	0.2647	0	0
1871.77679	0.023	0.0122	20.072	0.6353	0	0
1871.818457	0.02	0.0122	20.25	0.7815	0	0
1871.839291	0.016	0.0122	20.459	1.0479	0	0
1871.901791	0.046	0.0121	19.327	0.2908	0	0
1871.985126	0.029	0.012	19.846	0.486	0	0
1872.00596	0.031	0.012	19.771	0.4491	0	0
1872.026793	0.014	0.012	20.645	1.4669	0	0
1872.110128	0.026	0.012	19.964	0.5482	0	0
1872.172628	0.063	0.012	18.989	0.2084	0	0
1872.214296	0.043	0.012	19.404	0.3101	0	0
1872.235129	0.021	0.012	20.162	0.6844	0	0
1872.255963	0.022	0.012	20.136	0.6637	0	0
1872.276796	0.044	0.012	19.375	0.3012	0	0
1872.29763	0.013	0.012	20.709	1.7487	0	0
1872.318464	0.027	0.0119	19.905	0.5134	0	0
1872.339297	0.058	0.012	19.085	0.228	0	0
1872.360131	0.034	0.012	19.652	0.3952	0	0
1872.380964	0.038	0.0119	19.526	0.3487	0	0
1872.401798	0.037	0.012	19.562	0.3615	0	0
1872.422632	0.049	0.012	19.273	0.2726	0	0
1872.443465	0.026	0.0119	19.954	0.5405	0	0
1872.464299	0.03	0.0119	19.78	0.4503	0	0
1872.485132	0.061	0.0119	19.018	0.2138	0	0
1872.526799	0.059	0.0119	19.059	0.2223	0	0
1872.547633	0.038	0.0119	19.537	0.3523	0	0
1872.568467	0.013	0.0119	20.716	1.7865	0	0
1872.5893	0.019	0.0119	20.317	0.8285	0	0
1872.610134	0.091	0.012	18.592	0.1436	0	0
1872.630967	0.017	0.0119	20.443	0.9919	0	0
1872.651801	0.031	0.012	19.768	0.4449	0	0
1872.672635	0.037	0.0119	19.581	0.3678	0	0
1872.693468	0.063	0.0119	18.988	0.2079	0	0
1872.714302	0.028	0.0119	19.852	0.4847	0	0
1872.735135	0.053	0.0119	19.175	0.2481	0	0
1872.755969	0.052	0.0119	19.196	0.2532	0	0
1872.776802	0.061	0.0119	19.02	0.2143	0	0
1872.797636	0.018	0.0119	20.381	0.903	0	0
1872.81847	0.034	0.0119	19.667	0.4013	0	0
1872.839303	0.012	0.0119	20.783	2.7512	0	0
1872.860137	0.048	0.0119	19.295	0.2784	0	0
1872.88097	0.036	0.0119	19.603	0.3757	0	0
1872.901804	0.043	0.0119	19.414	0.3121	0	0
1872.922637	0.015	0.0119	20.515	1.1107	0	0
1872.943471	0.045	0.0119	19.353	0.2944	0	0
1872.964305	0.027	0.0119	19.928	0.5251	0	0
1872.985138	0.062	0.012	19.001	0.2105	0	0
1873.005972	0.072	0.0119	18.841	0.1811	0	0
1873.026805	0.074	0.0119	18.811	0.1759	0	0
1873.068472	0.072	0.0119	18.841	0.181	0	0
1873.089306	0.047	0.0119	19.32	0.2852	0	0
1873.11014	0.064	0.0119	18.981	0.2064	0	0
1873.130973	0.072	0.012	18.84	0.181	0	0
1873.151807	0.059	0.0119	19.055	0.2212	0	0
1873.17264	0.064	0.0119	18.967	0.2037	0	0
1873.193474	0.065	0.0119	18.957	0.2017	0	0
1873.214307	0.043	0.0119	19.394	0.3061	0	0
1873.235141	0.087	0.0119	18.635	0.1492	0	0
1873.255974	0.038	0.0119	19.543	0.3541	0	0
1873.276808	0.079	0.0119	18.742	0.1648	0	0
1873.297641	0.112	0.012	18.365	0.1162	0	0
1873.318475	0.077	0.0119	18.772	0.1698	0	0
1873.339309	0.073	0.0119	18.826	0.1784	0	0
1873.360142	0.109	0.0119	18.394	0.1193	0	0
1873.380976	0.055	0.0119	19.138	0.2394	0	0
1873.401809	0.027	0.0119	19.891	0.5052	0	0
1873.422643	0.062	0.0119	19.01	0.212	0	0
1873.443476	0.051	0.0119	19.222	0.2592	0	0
1873.46431	0.075	0.0119	18.807	0.1751	0	0
1873.485143	0.029	0.0119	19.822	0.4693	0	0
1873.505977	0.092	0.0119	18.581	0.1419	0	0
1873.52681	0.08	0.0119	18.735	0.1639	0	0
1873.547644	0.096	0.0119	18.539	0.1365	0	0
1873.568478	0.105	0.0119	18.433	0.1236	0	0
1873.589311	0.081	0.0119	18.724	0.1621	0	0
1873.610145	0.087	0.0119	18.645	0.1507	0	0
1873.630978	0.068	0.0119	18.912	0.1933	0	0
1873.651812	0.091	0.0119	18.597	0.144	0	0
1873.672645	0.045	0.0119	19.354	0.2945	0	0
1873.693479	0.101	0.0119	18.481	0.1294	0	0
1873.714312	0.086	0.0119	18.649	0.1512	0	0
1873.735146	0.081	0.0119	18.713	0.1607	0	0
1873.755979	0.098	0.0119	18.51	0.1329	0	0
1873.776813	0.059	0.0119	19.061	0.2227	0	0
1873.797646	0.094	0.0119	18.552	0.1381	0	0
1873.81848	0.077	0.0119	18.775	0.1702	0	0
1873.839313	0.083	0.0119	18.686	0.1566	0	0
1873.860147	0.086	0.0119	18.646	0.1509	0	0
1873.880981	0.056	0.0119	19.109	0.2331	0	0
1873.901814	0.079	0.0119	18.747	0.1657	0	0
1873.922648	0.075	0.0119	18.796	0.1736	0	0
1873.943481	0.067	0.0119	18.927	0.1962	0	0
1873.964315	0.114	0.012	18.343	0.1139	0	0
1873.985148	0.107	0.012	18.418	0.1221	0	0
1874.005982	0.098	0.012	18.512	0.1333	0	0
1874.026815	0.082	0.0119	18.702	0.1589	0	0
1874.047649	0.113	0.012	18.354	0.1152	0	0
1874.068482	0.082	0.0119	18.709	0.16	0	0
1874.089316	0.067	0.0119	18.922	0.1953	0	0
1874.110149	0.057	0.012	19.106	0.2326	0	0
1874.130983	0.121	0.012	18.281	0.1075	0	0
1874.151816	0.114	0.012	18.345	0.1141	0	0
1874.17265	0.108	0.012	18.404	0.1206	0	0
1874.193483	0.067	0.012	18.93	0.197	0	0
1874.214317	0.078	0.012	18.754	0.167	0	0
1874.23515	0.068	0.012	18.909	0.193	0	0
1874.255984	0.119	0.012	18.298	0.1093	0	0
1874.276817	0.107	0.012	18.416	0.122	0	0
1874.297651	0.113	0.012	18.352	0.115	0	0
1874.318484	0.109	0.012	18.395	0.1196	0	0
1874.339318	0.088	0.012	18.624	0.1479	0	0
1874.360151	0.083	0.012	18.694	0.1579	0	0
1874.380985	0.121	0.012	18.286	0.1081	0	0
1874.401818	0.098	0.012	18.507	0.1328	0	0
1874.422652	0.148	0.012	18.061	0.0878	0	0
1874.443485	0.119	0.012	18.3	0.1096	0	0
1874.464319	0.123	0.012	18.267	0.1062	0	0
1874.485152	0.124	0.012	18.256	0.1051	0	0
1874.505986	0.104	0.012	18.443	0.125	0	0
1874.526819	0.092	0.012	18.575	0.1415	0	0
1874.547653	0.102	0.012	18.464	0.1277	0	0
1874.568486	0.113	0.012	18.354	0.1152	0	0
1874.58932	0.082	0.012	18.702	0.1592	0	0
1874.610153	0.098	0.012	18.513	0.1335	0	0
1874.630987	0.069	0.012	18.886	0.1891	0	0
1874.65182	0.11	0.012	18.383	0.1184	0	0
1874.672654	0.113	0.012	18.36	0.1159	0	0
1874.693487	0.11	0.012	18.385	0.1187	0	0
1874.714321	0.09	0.012	18.598	0.1446	0	0
1874.735154	0.125	0.012	18.242	0.1039	0	0
1874.755988	0.105	0.012	18.432	0.124	0	0
1874.776821	0.116	0.012	18.33	0.1128	0	0
1874.797655	0.093	0.012	18.571	0.141	0	0
1874.818488	0.103	0.012	18.457	0.1268	0	0
1874.839322	0.112	0.012	18.363	0.1161	0	0
1874.860155	0.144	0.012	18.094	0.0906	0	0
1874.880989	0.081	0.012	18.712	0.1609	0	0
1874.901822	0.076	0.012	18.792	0.1734	0	0
1874.922656	0.065	0.012	18.956	0.2023	0	0
1874.943489	0.126	0.012	18.241	0.1039	0	0
1874.964323	0.126	0.012	18.235	0.1032	0	0
1874.985156	0.066	0.012	18.942	0.1997	0	0
1875.005989	0.104	0.012	18.445	0.1254	0	0
1875.026823	0.108	0.012	18.406	0.1211	0	0
1875.047656	0.127	0.012	18.233	0.1031	0	0
1875.06849	0.083	0.012	18.694	0.1583	0	0
1875.089323	0.09	0.012	18.603	0.1454	0	0
1875.110157	0.115	0.012	18.34	0.114	0	0
1875.13099	0.103	0.012	18.453	0.1265	0	0
1875.151824	0.096	0.012	18.529	0.1357	0	0
1875.172657	0.136	0.012	18.156	0.0961	0	0
1875.193491	0.172	0.012	17.898	0.0757	0	0
1875.214324	0.101	0.012	18.48	0.1297	0	0
1875.235158	0.119	0.012	18.297	0.1095	0	0
1875.255991	0.126	0.012	18.24	0.1038	0	0
1875.276825	0.143	0.012	18.1	0.0913	0	0
1875.297658	0.114	0.012	18.351	0.1151	0	0
1875.318491	0.124	0.012	18.252	0.1051	0	0
1875.339325	0.125	0.012	18.247	0.1046	0	0
1875.360158	0.142	0.012	18.107	0.0919	0	0
1875.380992	0.145	0.012	18.086	0.0901	0	0
1875.401825	0.114	0.012	18.345	0.1145	0	0
1875.422659	0.106	0.012	18.426	0.1235	0	0
1875.443492	0.149	0.012	18.053	0.0874	0	0
1875.464326	0.109	0.012	18.397	0.1202	0	0
1875.485159	0.125	0.012	18.244	0.1043	0	0
1875.505993	0.138	0.012	18.136	0.0944	0	0
1875.526826	0.12	0.012	18.287	0.1086	0	0
1875.547659	0.123	0.012	18.268	0.1067	0	0
1875.568493	0.171	0.012	17.905	0.0763	0	0
1875.589326	0.121	0.012	18.278	0.1077	0	0
1875.61016	0.095	0.012	18.547	0.1382	0	0
1875.630993	0.165	0.012	17.944	0.0792	0	0
1875.651827	0.128	0.012	18.221	0.1023	0	0
1875.67266	0.129	0.012	18.214	0.1015	0	0
1875.693494	0.144	0.012	18.092	0.0908	0	0
1875.714327	0.138	0.012	18.141	0.0949	0	0
1875.73516	0.111	0.012	18.377	0.1182	0	0
1875.755994	0.165	0.012	17.947	0.0795	0	0
1875.776827	0.154	0.012	18.023	0.0852	0	0
1875.797661	0.173	0.012	17.892	0.0755	0	0
1875.818494	0.127	0.012	18.233	0.1035	0	0
1875.839328	0.125	0.012	18.244	0.1045	0	0
1875.860161	0.139	0.012	18.132	0.0942	0	0
1875.880994	0.12	0.012	18.29	0.1092	0	0
1875.901828	0.168	0.012	17.927	0.078	0	0
1875.922661	0.198	0.012	17.746	0.0661	0	0
1875.943495	0.135	0.012	18.166	0.0972	0	0
1875.964328	0.139	0.012	18.135	0.0946	0	0
1875.985162	0.174	0.012	17.887	0.0752	0	0
1876.005995	0.142	0.012	18.107	0.0922	0	0
1876.026828	0.163	0.012	17.959	0.0804	0	0
1876.047662	0.138	0.012	18.137	0.0947	0	0
1876.068495	0.141	0.012	18.116	0.093	0	0
1876.089329	0.144	0.012	18.095	0.0912	0	0
1876.110162	0.171	0.012	17.909	0.0768	0	0
1876.130996	0.181	0.012	17.847	0.0725	0	0
1876.151829	0.138	0.012	18.14	0.0951	0	0
1876.172662	0.13	0.012	18.208	0.1013	0	0
1876.193496	0.188	0.0121	17.804	0.0698	0	0
1876.214329	0.151	0.0121	18.04	0.0867	0	0
1876.235163	0.186	0.0121	17.817	0.0706	0	0
1876.255996	0.151	0.012	18.043	0.0869	0	0
1876.27683	0.127	0.012	18.231	0.1035	0	0
1876.297663	0.115	0.012	18.341	0.1145	0	0
1876.318496	0.134	0.012	18.171	0.0978	0	0
1876.33933	0.168	0.0121	17.928	0.0782	0	0
1876.360163	0.135	0.0121	18.161	0.097	0	0
1876.380997	0.178	0.0121	17.861	0.0736	0	0
1876.40183	0.146	0.012	18.08	0.0899	0	0
1876.422663	0.155	0.0121	18.01	0.0844	0	0
1876.443497	0.178	0.012	17.862	0.0735	0	0
1876.46433	0.145	0.0121	18.082	0.0901	0	0
1876.485164	0.145	0.012	18.089	0.0907	0	0
1876.505997	0.167	0.012	17.935	0.0786	0	0
1876.52683	0.153	0.012	18.028	0.0857	0	0
1876.547664	0.193	0.0121	17.774	0.0679	0	0
1876.568497	0.165	0.0121	17.945	0.0794	0	0
1876.589331	0.105	0.012	18.433	0.1247	0	0
1876.610164	0.096	0.012	18.532	0.1367	0	0
1876.630997	0.162	0.0121	17.966	0.0811	0	0
1876.651831	0.202	0.0121	17.726	0.065	0	0
1876.672664	0.123	0.012	18.266	0.1068	0	0
1876.755998	0.166	0.012	17.935	0.0784	0	0
1876.776831	0.196	0.012	17.759	0.0667	0	0
1876.797665	0.158	0.012	17.995	0.0829	0	0
1876.818498	0.149	0.012	18.053	0.0874	0	0
1876.839331	0.191	0.012	17.784	0.0682	0	0
1876.860165	0.152	0.012	18.032	0.0858	0	0
1876.880998	0.144	0.012	18.095	0.0909	0	0
1876.901832	0.163	0.012	17.958	0.0802	0	0
1876.922665	0.159	0.012	17.986	0.0823	0	0
1876.943498	0.192	0.012	17.781	0.0681	0	0
1876.964332	0.153	0.012	18.03	0.0856	0	0
1876.985165	0.152	0.012	18.037	0.0862	0	0
1877.005998	0.17	0.012	17.914	0.0769	0	0
1877.026832	0.135	0.012	18.16	0.0966	0	0
1877.047665	0.154	0.012	18.021	0.085	0	0
1877.068499	0.145	0.012	18.085	0.0902	0	0
1877.089332	0.174	0.012	17.886	0.0751	0	0
1877.110165	0.231	0.012	17.579	0.0566	0	0
1877.130999	0.216	0.012	17.652	0.0605	0	0
1877.151832	0.141	0.012	18.116	0.0928	0	0
1877.172665	0.202	0.012	17.726	0.0648	0	0
1877.193499	0.184	0.012	17.828	0.0711	0	0
1877.214332	0.198	0.012	17.746	0.066	0	0
1877.235166	0.162	0.012	17.963	0.0806	0	0
1877.255999	0.195	0.012	17.761	0.0669	0	0
1877.276832	0.149	0.012	18.055	0.0877	0	0
1877.297666	0.169	0.012	17.917	0.0773	0	0
1877.318499	0.174	0.012	17.89	0.0753	0	0
1877.339332	0.153	0.012	18.027	0.0855	0	0
1877.360166	0.183	0.012	17.833	0.0715	0	0
1877.380999	0.206	0.012	17.706	0.0636	0	0
1877.401833	0.197	0.012	17.755	0.0665	0	0
1877.422666	0.136	0.012	18.154	0.0961	0	0
1877.443499	0.215	0.012	17.656	0.0607	0	0
1877.464333	0.176	0.012	17.874	0.0742	0	0
1877.485166	0.162	0.012	17.963	0.0806	0	0
1877.505999	0.137	0.012	18.144	0.0951	0	0
1877.526833	0.142	0.012	18.107	0.0921	0	0
1877.547666	0.145	0.012	18.084	0.0901	0	0
1877.568499	0.144	0.012	18.089	0.0905	0	0
1877.589333	0.158	0.012	17.994	0.0829	0	0
1877.610166	0.175	0.012	17.88	0.0747	0	0
1877.630999	0.192	0.012	17.783	0.0683	0	0
1877.651833	0.208	0.012	17.696	0.0631	0	0
1877.672666	0.22	0.012	17.632	0.0594	0	0
1877.6935	0.189	0.012	17.796	0.069	0	0
1877.714333	0.182	0.012	17.839	0.0719	0	0
1877.735166	0.209	0.012	17.687	0.0625	0	0
1877.756	0.184	0.012	17.829	0.0713	0	0
1877.776833	0.205	0.012	17.71	0.0639	0	0
1877.797666	0.206	0.012	17.703	0.0634	0	0
1877.8185	0.17	0.012	17.914	0.077	0	0
1877.839333	0.173	0.012	17.893	0.0755	0	0
1877.860166	0.176	0.012	17.873	0.0742	0	0
1877.881	0.19	0.012	17.791	0.0688	0	0
1877.901833	0.173	0.012	17.894	0.0756	0	0
1877.922666	0.183	0.012	17.831	0.0714	0	0
1877.9435	0.174	0.012	17.89	0.0754	0	0
1877.964333	0.209	0.012	17.691	0.0627	0	0
1877.985166	0.182	0.012	17.839	0.0719	0	0
1878.006	0.207	0.012	17.697	0.0631	0	0
1878.026833	0.208	0.012	17.696	0.063	0	0
1878.047666	0.173	0.012	17.893	0.0755	0	0
1878.0685	0.183	0.012	17.831	0.0713	0	0
1878.089333	0.224	0.012	17.614	0.0584	0	0
1878.110166	0.194	0.012	17.771	0.0675	0	0
1878.131	0.208	0.012	17.694	0.0629	0	0
1878.151833	0.187	0.012	17.81	0.0699	0	0
1878.172666	0.149	0.012	18.057	0.0879	0	0
1878.1935	0.185	0.012	17.818	0.0705	0	0
1878.214333	0.16	0.012	17.982	0.082	0	0
1878.235166	0.193	0.012	17.775	0.0678	0	0
1878.256	0.174	0.012	17.89	0.0754	0	0
1878.276833	0.193	0.012	17.777	0.0679	0	0
1878.297666	0.189	0.012	17.799	0.0692	0	0
1878.3185	0.213	0.012	17.668	0.0614	0	0
1878.339333	0.177	0.012	17.868	0.0738	0	0
1878.360166	0.16	0.012	17.981	0.0819	0	0
1878.381	0.158	0.012	17.994	0.0829	0	0
1878.401833	0.185	0.012	17.821	0.0708	0	0
1878.422666	0.155	0.012	18.015	0.0846	0	0
1878.443499	0.204	0.012	17.716	0.0642	0	0
1878.464333	0.226	0.012	17.602	0.0578	0	0
1878.485166	0.206	0.012	17.704	0.0635	0	0
1878.505999	0.223	0.012	17.617	0.0586	0	0
1878.526833	0.246	0.012	17.51	0.0531	0	0
1878.547666	0.189	0.012	17.797	0.0692	0	0
1878.568499	0.194	0.012	17.768	0.0673	0	0
1878.589333	0.185	0.012	17.823	0.0709	0	0
1878.610166	0.205	0.012	17.707	0.0637	0	0
1878.630999	0.176	0.012	17.877	0.0744	0	0
1878.651833	0.226	0.012	17.601	0.0578	0	0
1878.672666	0.182	0.012	17.838	0.0718	0	0
1878.693499	0.177	0.012	17.872	0.0741	0	0
1878.714332	0.224	0.012	17.615	0.0585	0	0
1878.735166	0.224	0.012	17.613	0.0584	0	0
1878.755999	0.21	0.012	17.682	0.0622	0	0
1878.776832	0.176	0.012	17.875	0.0743	0	0
1878.797666	0.215	0.012	17.656	0.0607	0	0
1878.818499	0.207	0.012	17.701	0.0633	0	0
1878.839332	0.217	0.012	17.647	0.0603	0	0
1878.860166	0.2	0.012	17.737	0.0655	0	0
1878.880999	0.155	0.012	18.016	0.0846	0	0
1878.901832	0.204	0.012	17.713	0.064	0	0
1878.922665	0.221	0.012	17.627	0.0592	0	0
1878.943499	0.218	0.012	17.643	0.06	0	0
1878.964332	0.205	0.012	17.708	0.0637	0	0
1878.985165	0.182	0.012	17.837	0.0718	0	0
1879.005999	0.251	0.0121	17.491	0.0522	0	0
1879.026832	0.208	0.012	17.693	0.0628	0	0
1879.047665	0.193	0.012	17.775	0.0677	0	0
1879.068498	0.216	0.012	17.652	0.0605	0	0
1879.089332	0.193	0.012	17.777	0.0679	0	0
1879.110165	0.167	0.012	17.932	0.0783	0	0
1879.130998	0.198	0.012	17.746	0.066	0	0
1879.151832	0.186	0.012	17.813	0.0702	0	0
1879.172665	0.204	0.012	17.717	0.0643	0	0
1879.193498	0.246	0.012	17.511	0.0532	0	0
1879.214331	0.174	0.012	17.886	0.0752	0	0
1879.235165	0.216	0.012	17.652	0.0605	0	0
1879.255998	0.174	0.012	17.889	0.0752	0	0
1879.276831	0.211	0.012	17.678	0.062	0	0
1879.297664	0.183	0.012	17.833	0.0715	0	0
1879.318498	0.253	0.012	17.482	0.0518	0	0
1879.339331	0.202	0.012	17.726	0.0648	0	0
1879.360164	0.227	0.012	17.6	0.0577	0	0
1879.380998	0.177	0.012	17.869	0.0739	0	0
1879.401831	0.195	0.012	17.762	0.067	0	0
1879.422664	0.192	0.012	17.782	0.0682	0	0
1879.443497	0.219	0.012	17.636	0.0596	0	0
1879.464331	0.205	0.012	17.711	0.0639	0	0
1879.485164	0.207	0.012	17.699	0.0632	0	0
1879.505997	0.207	0.012	17.699	0.0632	0	0
1879.52683	0.192	0.012	17.783	0.0683	0	0
1879.547664	0.232	0.012	17.576	0.0564	0	0
1879.568497	0.249	0.012	17.498	0.0526	0	0
1879.58933	0.178	0.012	17.862	0.0735	0	0
1879.610163	0.213	0.012	17.668	0.0614	0	0
1879.630997	0.229	0.012	17.588	0.057	0	0
1879.65183	0.247	0.012	17.506	0.0529	0	0
1879.672663	0.17	0.012	17.912	0.0769	0	0
1879.693496	0.171	0.012	17.908	0.0766	0	0
1879.71433	0.199	0.012	17.744	0.0659	0	0
1879.735163	0.202	0.012	17.727	0.0648	0	0
1879.755996	0.189	0.012	17.8	0.0694	0	0
1879.776829	0.209	0.012	17.688	0.0626	0	0
1879.797663	0.209	0.012	17.689	0.0626	0	0
1879.818496	0.168	0.012	17.927	0.078	0	0
1879.839329	0.212	0.012	17.673	0.0617	0	0
1879.860162	0.211	0.012	17.676	0.062	0	0
1879.880996	0.2	0.012	17.736	0.0654	0	0
1879.901829	0.217	0.0121	17.649	0.0604	0	0
1879.922662	0.186	0.012	17.818	0.0706	0	0
1879.943495	0.198	0.012	17.746	0.0661	0	0
1879.964329	0.186	0.012	17.817	0.0705	0	0
1879.985162	0.221	0.0121	17.627	0.0593	0	0
1880.005995	0.232	0.012	17.574	0.0564	0	0
1880.026828	0.187	0.0121	17.808	0.07	0	0
1880.047662	0.203	0.012	17.722	0.0646	0	0
1880.068495	0.195	0.0121	17.766	0.0673	0	0
1880.089328	0.22	0.012	17.632	0.0595	0	0
1880.110161	0.194	0.012	17.772	0.0677	0	0
1880.130995	0.215	0.012	17.66	0.061	0	0
1880.151828	0.217	0.012	17.647	0.0603	0	0
1880.172661	0.188	0.012	17.802	0.0695	0	0
1880.193494	0.222	0.012	17.623	0.0589	0	0
1880.214327	0.226	0.012	17.605	0.058	0	0
1880.235161	0.194	0.012	17.769	0.0675	0	0
1880.255994	0.187	0.012	17.811	0.0701	0	0
1880.276827	0.267	0.0121	17.422	0.049	0	0
1880.29766	0.211	0.012	17.679	0.0621	0	0
1880.318494	0.199	0.012	17.744	0.066	0	0
1880.339327	0.223	0.012	17.617	0.0587	0	0
1880.36016	0.171	0.012	17.907	0.0766	0	0
1880.380993	0.201	0.012	17.733	0.0653	0	0
1880.401826	0.219	0.012	17.638	0.0598	0	0
1880.42266	0.238	0.012	17.546	0.0549	0	0
1880.443493	0.207	0.012	17.698	0.0632	0	0
1880.464326	0.19	0.012	17.791	0.0689	0	0
1880.485159	0.223	0.012	17.616	0.0586	0	0
1880.505993	0.262	0.0121	17.442	0.05	0	0
1880.526826	0.222	0.012	17.622	0.0589	0	0
1880.547659	0.239	0.0121	17.543	0.0548	0	0
1880.568492	0.218	0.012	17.645	0.0602	0	0
1880.589325	0.218	0.0121	17.644	0.0601	0	0
1880.610159	0.195	0.012	17.761	0.067	0	0
1880.630992	0.182	0.012	17.84	0.072	0	0
1880.651825	0.165	0.012	17.947	0.0795	0	0
1880.672658	0.211	0.012	17.677	0.062	0	0
1880.693491	0.23	0.0121	17.586	0.057	0	0
1880.714325	0.218	0.012	17.645	0.0602	0	0
1880.735158	0.192	0.012	17.78	0.0682	0	0
1880.755991	0.244	0.0121	17.522	0.0537	0	0
1880.776824	0.225	0.0121	17.607	0.0582	0	0
1880.797657	0.212	0.0121	17.671	0.0617	0	0
1880.818491	0.206	0.012	17.707	0.0637	0	0
1880.839324	0.21	0.012	17.684	0.0624	0	0
1880.860157	0.219	0.0121	17.637	0.0598	0	0
1880.88099	0.202	0.012	17.726	0.0648	0	0
1880.901823	0.225	0.0121	17.608	0.0582	0	0
1880.922657	0.236	0.0121	17.558	0.0556	0	0
1880.94349	0.224	0.0121	17.612	0.0584	0	0
1880.964323	0.236	0.0121	17.557	0.0555	0	0
1880.985156	0.2	0.0121	17.734	0.0654	0	0
1881.005989	0.22	0.0121	17.631	0.0595	0	0
1881.026822	0.215	0.0121	17.656	0.0608	0	0
1881.047656	0.25	0.0121	17.493	0.0524	0	0
1881.068489	0.207	0.012	17.701	0.0634	0	0
1881.089322	0.205	0.012	17.707	0.0638	0	0
1881.110155	0.215	0.0121	17.658	0.0609	0	0
1881.130988	0.205	0.0121	17.71	0.0639	0	0
1881.151822	0.196	0.0121	17.758	0.0668	0	0
1881.172655	0.25	0.0121	17.496	0.0525	0	0
1881.193488	0.215	0.0121	17.657	0.0609	0	0
1881.214321	0.142	0.012	18.109	0.0924	0	0
1881.235154	0.228	0.0121	17.593	0.0575	0	0
1881.255987	0.206	0.0121	17.706	0.0637	0	0
1881.276821	0.233	0.0121	17.569	0.0562	0	0
1881.297654	0.199	0.0121	17.743	0.0659	0	0
1881.318487	0.189	0.0121	17.8	0.0694	0	0
1881.33932	0.211	0.0121	17.677	0.062	0	0
1881.360153	0.196	0.0121	17.756	0.0668	0	0
1881.380986	0.228	0.0121	17.594	0.0574	0	0
1881.40182	0.185	0.0121	17.821	0.0709	0	0
1881.422653	0.221	0.0121	17.63	0.0594	0	0
1881.443486	0.196	0.0121	17.76	0.067	0	0
1881.464319	0.227	0.0121	17.6	0.0578	0	0
1881.485152	0.153	0.012	18.024	0.0854	0	0
1881.505985	0.247	0.0121	17.509	0.0532	0	0
1881.526818	0.179	0.0121	17.857	0.0732	0	0
1881.547652	0.196	0.0121	17.76	0.067	0	0
1881.568485	0.22	0.0121	17.633	0.0596	0	0
1881.589318	0.219	0.0121	17.637	0.0599	0	0
1881.610151	0.193	0.0121	17.778	0.0681	0	0
1881.630984	0.226	0.0121	17.602	0.0579	0	0
1881.651817	0.264	0.0121	17.437	0.0498	0	0
1881.672651	0.169	0.0121	17.919	0.0776	0	0
1881.693484	0.218	0.0121	17.641	0.06	0	0
1881.714317	0.237	0.0121	17.554	0.0555	0	0
1881.73515	0.212	0.0121	17.674	0.0619	0	0
1881.755983	0.204	0.0121	17.716	0.0644	0	0
1881.776816	0.254	0.0121	17.478	0.0517	0	0
1881.797649	0.222	0.0121	17.625	0.0592	0	0
1881.818482	0.211	0.0121	17.678	0.0622	0	0
1881.839316	0.206	0.0121	17.706	0.0638	0	0
1881.860149	0.197	0.0121	17.751	0.0665	0	0
1881.880982	0.196	0.0121	17.758	0.067	0	0
1881.901815	0.227	0.0121	17.599	0.0579	0	0
1881.922648	0.201	0.0121	17.73	0.0653	0	0
1881.943481	0.227	0.0121	17.6	0.0579	0	0
1881.964314	0.226	0.0121	17.604	0.0582	0	0
1881.985148	0.2	0.0121	17.734	0.0656	0	0
1882.005981	0.258	0.0121	17.458	0.0509	0	0
1882.026814	0.224	0.0121	17.614	0.0587	0	0
1882.047647	0.202	0.0121	17.725	0.065	0	0
1882.06848	0.211	0.0121	17.678	0.0623	0	0
1882.089313	0.223	0.0121	17.618	0.059	0	0
1882.110146	0.177	0.0121	17.867	0.0742	0	0
1882.130979	0.227	0.0121	17.597	0.0578	0	0
1882.151812	0.201	0.0121	17.73	0.0654	0	0
1882.172646	0.235	0.0121	17.56	0.0559	0	0
1882.193479	0.214	0.0121	17.665	0.0616	0	0
1882.214312	0.178	0.0121	17.864	0.074	0	0
1882.235145	0.214	0.0121	17.662	0.0614	0	0
1882.255978	0.208	0.0121	17.693	0.0632	0	0
1882.276811	0.209	0.0121	17.691	0.0631	0	0
1882.297644	0.189	0.0121	17.799	0.0697	0	0
1882.318477	0.189	0.0121	17.795	0.0694	0	0
1882.33931	0.229	0.0121	17.589	0.0575	0	0
1882.360144	0.238	0.0121	17.547	0.0553	0	0
1882.380977	0.208	0.0121	17.691	0.0632	0	0
1882.40181	0.228	0.0121	17.593	0.0577	0	0
1882.422643	0.221	0.0121	17.626	0.0595	0	0
1882.443476	0.187	0.0121	17.811	0.0704	0	0
1882.464309	0.201	0.0121	17.73	0.0655	0	0
1882.485142	0.225	0.0121	17.607	0.0585	0	0
1882.505975	0.27	0.0121	17.41	0.0488	0	0
1882.526808	0.184	0.0121	17.83	0.0718	0	0
1882.547641	0.273	0.0121	17.397	0.0482	0	0
1882.568474	0.222	0.0121	17.625	0.0595	0	0
1882.589308	0.226	0.0121	17.602	0.0582	0	0
1882.610141	0.199	0.0121	17.742	0.0663	0	0
1882.630974	0.197	0.0121	17.755	0.067	0	0
1882.651807	0.217	0.0121	17.648	0.0608	0	0
1882.67264	0.242	0.0121	17.527	0.0544	0	0
1882.693473	0.216	0.0121	17.654	0.0612	0	0
1882.714306	0.258	0.0121	17.461	0.0512	0	0
1882.735139	0.216	0.0121	17.654	0.0611	0	0
1882.755972	0.238	0.0121	17.546	0.0554	0	0
1882.776805	0.22	0.0121	17.634	0.06	0	0
1882.797638	0.184	0.0121	17.828	0.0718	0	0
1882.818471	0.17	0.0121	17.912	0.0776	0	0
1882.839304	0.201	0.0122	17.732	0.0658	0	0
1882.860137	0.182	0.0121	17.836	0.0724	0	0
1882.880971	0.209	0.0122	17.686	0.0631	0	0
1882.901804	0.227	0.0121	17.597	0.058	0	0
1882.922637	0.228	0.0121	17.594	0.0579	0	0
1883.005969	0.195	0.0121	17.765	0.0677	0	0
1883.026802	0.215	0.0121	17.656	0.0612	0	0
1883.047635	0.218	0.0121	17.645	0.0606	0	0
1883.068468	0.2	0.0121	17.734	0.0659	0	0
1883.089301	0.165	0.0121	17.942	0.0797	0	0
1883.110134	0.205	0.0121	17.711	0.0644	0	0
1883.130967	0.203	0.0121	17.721	0.065	0	0
1883.1518	0.207	0.0121	17.699	0.0637	0	0
1883.172633	0.217	0.0121	17.646	0.0607	0	0
1883.193466	0.202	0.0121	17.725	0.0652	0	0
1883.214299	0.183	0.0121	17.835	0.0723	0	0
1883.235132	0.213	0.0121	17.669	0.062	0	0
1883.255965	0.221	0.0121	17.626	0.0596	0	0
1883.276798	0.241	0.0122	17.535	0.0549	0	0
1883.297631	0.149	0.0121	18.055	0.0885	0	0
1883.318464	0.189	0.0121	17.796	0.0697	0	0
1883.339297	0.218	0.0121	17.642	0.0605	0	0
1883.36013	0.218	0.0122	17.644	0.0607	0	0
1883.380963	0.207	0.0122	17.699	0.0639	0	0
1883.401796	0.226	0.0122	17.603	0.0585	0	0
1883.422629	0.196	0.0122	17.758	0.0674	0	0
1883.443462	0.183	0.0122	17.832	0.0722	0	0
1883.464296	0.234	0.0122	17.568	0.0566	0	0
1883.485129	0.209	0.0122	17.688	0.0632	0	0
1883.505962	0.226	0.0122	17.603	0.0585	0	0
1883.526795	0.187	0.0122	17.812	0.0709	0	0
1883.547628	0.214	0.0122	17.664	0.0619	0	0
1883.568461	0.199	0.0122	17.744	0.0667	0	0
1883.589294	0.233	0.0122	17.572	0.057	0	0
1883.610127	0.211	0.0122	17.677	0.0627	0	0
1883.63096	0.2	0.0122	17.735	0.0661	0	0
1883.651793	0.197	0.0122	17.754	0.0673	0	0
1883.672626	0.206	0.0122	17.706	0.0644	0	0
1883.693459	0.192	0.0122	17.783	0.0691	0	0
1883.714292	0.168	0.0122	17.928	0.079	0	0
1883.735125	0.22	0.0122	17.631	0.0601	0	0
1883.755958	0.196	0.0122	17.761	0.0678	0	0
1883.776791	0.165	0.0122	17.946	0.0806	0	0
1883.797624	0.222	0.0122	17.623	0.0598	0	0
1883.818457	0.152	0.0122	18.037	0.0878	0	0
1883.83929	0.196	0.0122	17.758	0.0679	0	0
1883.860123	0.212	0.0123	17.675	0.063	0	0
1883.880956	0.203	0.0123	17.719	0.0656	0	0
1883.901789	0.237	0.0123	17.553	0.0565	0	0
1883.922622	0.209	0.0124	17.691	0.0649	0	0
1883.943455	0.186	0.0127	17.817	0.0747	0	0
1887.172586	0.185	0.0134	17.82	0.0788	2048	0
1887.193419	0.207	0.0134	17.698	0.0702	2048	0
1887.214252	0.188	0.0133	17.802	0.0771	2048	0
1887.235085	0.19	0.0133	17.79	0.076	2048	0
1887.255918	0.242	0.0133	17.529	0.0595	0	0
1887.276751	0.239	0.0132	17.545	0.0601	0	0
1887.297584	0.208	0.0132	17.694	0.0688	0	0
1887.318417	0.234	0.0131	17.567	0.0611	0	0
1887.33925	0.166	0.0131	17.937	0.0856	0	0
1887.360083	0.169	0.013	17.917	0.0838	0	0
1887.380916	0.192	0.0131	17.783	0.0741	0	0
1887.401749	0.148	0.013	18.061	0.0955	0	0
1887.422582	0.212	0.013	17.671	0.0664	0	0
1887.443416	0.191	0.013	17.789	0.0739	0	0
1887.464249	0.22	0.0129	17.632	0.0639	0	0
1887.485082	0.205	0.0129	17.709	0.0684	0	0
1887.505915	0.243	0.0129	17.524	0.0577	0	0
1887.526748	0.233	0.0129	17.569	0.0599	0	0
1887.547581	0.203	0.0128	17.722	0.069	0	0
1887.568414	0.266	0.0128	17.428	0.0525	0	0
1887.589247	0.188	0.0128	17.805	0.0742	0	0
1887.61008	0.228	0.0128	17.593	0.0609	0	0
1887.630913	0.185	0.0128	17.819	0.0749	0	0
1887.651746	0.253	0.0127	17.481	0.0547	0	0
1887.672579	0.233	0.0127	17.572	0.0594	0	0
1887.693412	0.192	0.0127	17.781	0.072	0	0
1887.714245	0.202	0.0127	17.727	0.0683	0	0
1887.735078	0.183	0.0127	17.831	0.0751	0	0
1887.755911	0.215	0.0126	17.656	0.0638	0	0
1887.776744	0.206	0.0126	17.706	0.0668	0	0
1887.797577	0.237	0.0126	17.553	0.0579	0	0
1887.81841	0.219	0.0126	17.639	0.0627	0	0
1887.839243	0.211	0.0126	17.679	0.0649	0	0
1887.860076	0.246	0.0126	17.512	0.0556	0	0
1887.880909	0.214	0.0125	17.661	0.0636	0	0
1887.901742	0.193	0.0126	17.776	0.0708	0	0
1887.922575	0.205	0.0125	17.707	0.0663	0	0
1887.943408	0.266	0.0125	17.426	0.0511	0	0
1887.964241	0.221	0.0125	17.628	0.0615	0	0
1887.985074	0.201	0.0125	17.729	0.0675	0	0
1888.005908	0.197	0.0125	17.753	0.0688	0	0
1888.026741	0.205	0.0125	17.708	0.066	0	0
1888.047574	0.23	0.0125	17.586	0.0589	0	0
1888.068407	0.208	0.0125	17.695	0.0652	0	0
1888.08924	0.192	0.0124	17.779	0.0702	0	0
1888.110073	0.217	0.0124	17.649	0.0623	0	0
1888.130906	0.236	0.0124	17.557	0.0572	0	0
1888.151739	0.28	0.0124	17.372	0.0482	0	0
1888.172572	0.245	0.0124	17.514	0.055	0	0
1888.193405	0.212	0.0124	17.671	0.0634	0	0
1888.214238	0.206	0.0124	17.703	0.0652	0	0
1888.235071	0.214	0.0124	17.665	0.0629	0	0
1888.255904	0.203	0.0124	17.718	0.0661	0	0
1888.276737	0.153	0.0123	18.025	0.0875	0	0
1888.29757	0.203	0.0123	17.718	0.0659	0	0
1888.318403	0.229	0.0123	17.591	0.0586	0	0
1888.339236	0.214	0.0123	17.662	0.0626	0	0
1888.360069	0.2	0.0123	17.735	0.0668	0	0
1888.380902	0.208	0.0123	17.692	0.0643	0	0
1888.401735	0.218	0.0123	17.644	0.0614	0	0
1888.422568	0.215	0.0123	17.66	0.0623	0	0
1888.443401	0.186	0.0123	17.814	0.0718	0	0
1888.464234	0.217	0.0123	17.647	0.0614	0	0
1888.485067	0.211	0.0123	17.676	0.0632	0	0
1888.5059	0.246	0.0123	17.513	0.0543	0	0
1888.526733	0.218	0.0123	17.641	0.0611	0	0
1888.547566	0.198	0.0123	17.749	0.0674	0	0
1888.568399	0.215	0.0123	17.655	0.0618	0	0
1888.589232	0.189	0.0122	17.795	0.0703	0	0
1888.610065	0.159	0.0122	17.987	0.0838	0	0
1888.630898	0.185	0.0122	17.823	0.072	0	0
1888.651731	0.212	0.0122	17.672	0.0626	0	0
1888.672564	0.201	0.0122	17.731	0.0661	0	0
1888.693397	0.162	0.0122	17.963	0.0818	0	0
1888.71423	0.229	0.0122	17.59	0.058	0	0
1888.735063	0.234	0.0122	17.565	0.0567	0	0
1888.755896	0.257	0.0122	17.463	0.0516	0	0
1888.776729	0.178	0.0122	17.866	0.0746	0	0
1888.797562	0.192	0.0122	17.782	0.0692	0	0
1888.818395	0.191	0.0122	17.786	0.0693	0	0
1888.839228	0.196	0.0122	17.76	0.0677	0	0
1888.860061	0.191	0.0122	17.788	0.0694	0	0
1888.880894	0.211	0.0122	17.677	0.0627	0	0
1888.901727	0.189	0.0122	17.795	0.0699	0	0
1888.92256	0.172	0.0122	17.901	0.077	0	0
1888.943393	0.198	0.0122	17.75	0.067	0	0
1888.964226	0.205	0.0122	17.707	0.0644	0	0
1888.985059	0.193	0.0122	17.776	0.0685	0	0
1889.005892	0.235	0.0122	17.56	0.0562	0	0
1889.026725	0.2	0.0121	17.737	0.0661	0	0
1889.047558	0.207	0.0121	17.7	0.0639	0	0
1889.068391	0.213	0.0121	17.666	0.0618	0	0
1889.089224	0.214	0.0121	17.661	0.0616	0	0
1889.110056	0.19	0.0121	17.791	0.0693	0	0
1889.130889	0.223	0.0121	17.617	0.0591	0	0
1889.151722	0.186	0.0121	17.815	0.0709	0	0
1889.172555	0.202	0.0121	17.724	0.0652	0	0
1889.193388	0.191	0.0121	17.787	0.0691	0	0
1889.214221	0.218	0.0121	17.641	0.0604	0	0
1889.235054	0.175	0.0121	17.882	0.0754	0	0
1889.255887	0.18	0.0121	17.851	0.0732	0	0
1889.27672	0.194	0.0121	17.768	0.0677	0	0
1889.297553	0.231	0.0121	17.578	0.0569	0	0
1889.318386	0.18	0.0121	17.851	0.0732	0	0
1889.339219	0.196	0.0121	17.757	0.0671	0	0
1889.360052	0.205	0.0121	17.708	0.0641	0	0
1889.380885	0.163	0.0121	17.961	0.0809	0	0
1889.401718	0.207	0.0121	17.697	0.0634	0	0
1889.422551	0.236	0.0121	17.558	0.0558	0	0
1889.443384	0.219	0.0121	17.639	0.0602	0	0
1889.464217	0.193	0.0121	17.775	0.0682	0	0
1889.48505	0.198	0.0121	17.746	0.0664	0	0
1889.505883	0.221	0.0121	17.63	0.0597	0	0
1889.526716	0.213	0.0121	17.668	0.0618	0	0
1889.547549	0.216	0.0121	17.653	0.0609	0	0
1889.568382	0.195	0.0121	17.766	0.0676	0	0
1889.589215	0.186	0.0121	17.813	0.0705	0	0
1889.610048	0.178	0.0121	17.862	0.0738	0	0
1889.630881	0.202	0.0121	17.727	0.0652	0	0
1889.651714	0.198	0.0121	17.746	0.0663	0	0
1889.672546	0.224	0.0121	17.615	0.0587	0	0
1889.693379	0.209	0.0121	17.69	0.0629	0	0
1889.714212	0.165	0.0121	17.947	0.0797	0	0
1889.735045	0.196	0.0121	17.758	0.067	0	0
1889.755878	0.17	0.0121	17.914	0.0773	0	0
1889.776711	0.19	0.0121	17.789	0.069	0	0
1889.797544	0.195	0.0121	17.762	0.0672	0	0
1889.818377	0.216	0.0121	17.651	0.0606	0	0
1889.83921	0.161	0.0121	17.97	0.0814	0	0
1889.860043	0.2	0.0121	17.735	0.0655	0	0
1889.880876	0.19	0.0121	17.795	0.0692	0	0
1889.901709	0.204	0.0121	17.716	0.0643	0	0
1889.922542	0.174	0.0121	17.887	0.0753	0	0
1889.943375	0.217	0.0121	17.648	0.0604	0	0
1889.964208	0.201	0.0121	17.732	0.0654	0	0
1889.985041	0.187	0.0121	17.811	0.0702	0	0
1890.005874	0.214	0.0121	17.662	0.0613	0	0
1890.026706	0.182	0.0121	17.841	0.0722	0	0
1890.047539	0.211	0.0121	17.676	0.062	0	0
1890.068372	0.12	0.0121	18.293	0.1097	0	0
1890.089205	0.139	0.0121	18.132	0.0945	0	0
1890.110038	0.196	0.0121	17.76	0.067	0	0
1890.130871	0.167	0.0121	17.93	0.0784	0	0
1890.151704	0.214	0.0121	17.662	0.0612	0	0
1890.172537	0.167	0.0121	17.93	0.0784	0	0
1890.19337	0.237	0.0121	17.552	0.0553	0	0
1890.214203	0.14	0.0121	18.123	0.0937	0	0
1890.235036	0.217	0.0121	17.647	0.0603	0	0
1890.255869	0.157	0.0121	17.998	0.0834	0	0
1890.276702	0.168	0.0121	17.925	0.078	0	0
1890.297535	0.127	0.0121	18.228	0.1033	0	0
1890.318367	0.147	0.0121	18.072	0.0894	0	0
1890.3392	0.16	0.0121	17.978	0.0819	0	0
1890.360033	0.197	0.0121	17.755	0.0667	0	0
1890.380866	0.169	0.0121	17.921	0.0777	0	0
1890.401699	0.151	0.012	18.041	0.0868	0	0
1890.422532	0.162	0.012	17.966	0.081	0	0
1890.443365	0.149	0.012	18.059	0.0882	0	0
1890.464198	0.191	0.0121	17.785	0.0685	0	0
1890.485031	0.179	0.012	17.858	0.0733	0	0
1890.505864	0.205	0.012	17.71	0.0639	0	0
1890.526697	0.208	0.0121	17.694	0.0631	0	0
1890.54753	0.183	0.012	17.834	0.0717	0	0
1890.568362	0.162	0.012	17.968	0.0811	0	0
1890.589195	0.193	0.012	17.774	0.0678	0	0
1890.610028	0.174	0.012	17.886	0.0752	0	0
1890.630861	0.194	0.0121	17.768	0.0675	0	0
1890.651694	0.212	0.0121	17.673	0.0618	0	0
1890.672527	0.197	0.012	17.753	0.0665	0	0
1890.69336	0.228	0.012	17.594	0.0574	0	0
1890.714193	0.203	0.012	17.722	0.0646	0	0
1890.735026	0.182	0.0121	17.841	0.0721	0	0
1890.755859	0.187	0.012	17.81	0.0701	0	0
1890.776692	0.208	0.012	17.692	0.0629	0	0
1890.797524	0.163	0.012	17.959	0.0804	0	0
1890.818357	0.152	0.012	18.036	0.0862	0	0
1890.83919	0.176	0.012	17.878	0.0746	0	0
1890.860023	0.161	0.0121	17.975	0.0817	0	0
1890.880856	0.115	0.012	18.337	0.114	0	0
1890.901689	0.189	0.012	17.799	0.0693	0	0
1890.922522	0.193	0.012	17.776	0.0678	0	0
1890.943355	0.2	0.012	17.735	0.0654	0	0
1890.964188	0.164	0.012	17.95	0.0798	0	0
1890.98502	0.186	0.012	17.813	0.0703	0	0
1891.005853	0.182	0.012	17.84	0.072	0	0
1891.026686	0.195	0.012	17.766	0.0673	0	0
1891.047519	0.179	0.012	17.858	0.0732	0	0
1891.068352	0.204	0.0121	17.715	0.0642	0	0
1891.089185	0.206	0.0121	17.706	0.0638	0	0
1891.110018	0.204	0.0121	17.715	0.0643	0	0
1891.130851	0.195	0.012	17.766	0.0672	0	0
1891.151684	0.202	0.012	17.728	0.065	0	0
1891.172516	0.173	0.012	17.892	0.0756	0	0
1891.193349	0.198	0.012	17.745	0.066	0	0
1891.214182	0.177	0.0121	17.867	0.074	0	0
1891.235015	0.218	0.0121	17.641	0.0601	0	0
1891.255848	0.177	0.012	17.872	0.0742	0	0
1891.276681	0.189	0.012	17.799	0.0693	0	0
1891.297514	0.181	0.012	17.843	0.0722	0	0
1891.318347	0.14	0.012	18.123	0.0936	0	0
1891.339179	0.189	0.0121	17.798	0.0694	0	0
1891.360012	0.147	0.0121	18.074	0.0895	0	0
1891.380845	0.168	0.012	17.924	0.0778	0	0
1891.401678	0.218	0.012	17.641	0.06	0	0
1891.422511	0.166	0.012	17.94	0.079	0	0
1891.505842	0.181	0.012	17.843	0.0722	0	0
1891.526675	0.215	0.012	17.658	0.0609	0	0
1891.547508	0.195	0.012	17.765	0.0673	0	0
1891.568341	0.141	0.012	18.117	0.093	0	0
1891.589174	0.212	0.0121	17.672	0.0617	36	0
1891.610007	0.158	0.012	17.989	0.0826	0	0
1891.63084	0.186	0.012	17.816	0.0705	0	0
1891.651672	0.173	0.012	17.892	0.0755	0	0
1891.672505	0.183	0.012	17.832	0.0715	0	0
1891.693338	0.2	0.012	17.734	0.0653	0	0
1891.714171	0.193	0.012	17.774	0.0678	0	0
1891.735004	0.201	0.012	17.733	0.0652	0	0
1891.755837	0.182	0.012	17.842	0.0721	0	0
1891.77667	0.189	0.012	17.797	0.0692	0	0
1891.797502	0.212	0.012	17.674	0.0618	0	0
1891.818335	0.154	0.012	18.021	0.0851	0	0
1891.839168	0.152	0.012	18.032	0.086	0	0
1891.860001	0.176	0.012	17.875	0.0744	0	0
1891.880834	0.176	0.012	17.876	0.0745	0	0
1891.901667	0.195	0.012	17.765	0.0672	0	0
1891.9225	0.184	0.012	17.829	0.0713	0	0
1891.943332	0.165	0.012	17.946	0.0793	0	0
1891.964165	0.165	0.012	17.945	0.0793	0	0
1891.984998	0.201	0.012	17.73	0.0651	0	0
1892.005831	0.15	0.012	18.047	0.087	0	0
1892.026664	0.139	0.012	18.132	0.0943	0	0
1892.047497	0.162	0.012	17.967	0.081	0	0
1892.06833	0.207	0.012	17.696	0.0631	0	0
1892.089162	0.177	0.012	17.87	0.074	0	0
1892.109995	0.142	0.012	18.105	0.0918	0	0
1892.130828	0.176	0.012	17.877	0.0745	0	0
1892.151661	0.232	0.012	17.576	0.0565	0	0
1892.172494	0.146	0.012	18.08	0.0898	0	0
1892.193327	0.152	0.012	18.034	0.0861	0	0
1892.214159	0.199	0.012	17.742	0.0657	0	0
1892.234992	0.176	0.012	17.874	0.0742	0	0
1892.255825	0.163	0.012	17.959	0.0804	0	0
1892.276658	0.176	0.012	17.876	0.0744	0	0
1892.297491	0.177	0.012	17.87	0.074	0	0
1892.318324	0.162	0.012	17.967	0.0808	0	0
1892.339156	0.23	0.012	17.586	0.0569	0	0
1892.359989	0.188	0.012	17.801	0.0694	0	0
1892.380822	0.215	0.012	17.656	0.0607	0	0
1892.401655	0.15	0.012	18.049	0.0872	0	0
1892.422488	0.187	0.012	17.812	0.0701	0	0
1892.443321	0.141	0.012	18.118	0.093	0	0
1892.464153	0.177	0.012	17.87	0.0739	0	0
1892.484986	0.179	0.012	17.857	0.0731	0	0
1892.526652	0.15	0.012	18.052	0.0874	0	0
1892.547485	0.17	0.012	17.911	0.0767	0	0
1892.568317	0.143	0.012	18.1	0.0914	0	0
1892.58915	0.166	0.012	17.941	0.079	0	0
1892.609983	0.183	0.012	17.831	0.0713	0	0
1892.630816	0.153	0.012	18.025	0.0853	0	0
1892.651649	0.184	0.012	17.825	0.0708	0	0
1892.672482	0.18	0.012	17.848	0.0724	0	0
1892.693314	0.167	0.012	17.935	0.0784	0	0
1892.714147	0.168	0.012	17.928	0.0779	0	0
1892.73498	0.174	0.012	17.888	0.0751	0	0
1892.755813	0.168	0.012	17.924	0.0776	0	0
1892.776646	0.178	0.012	17.865	0.0736	0	0
1892.797478	0.162	0.012	17.962	0.0805	0	0
1892.818311	0.166	0.012	17.938	0.0786	0	0
1892.839144	0.167	0.012	17.933	0.0783	0	0
1892.859977	0.151	0.012	18.041	0.0865	0	0
1892.88081	0.172	0.012	17.899	0.0759	0	0
1892.901642	0.152	0.012	18.033	0.0858	0	0
1892.922475	0.179	0.012	17.855	0.0728	0	0
1892.943308	0.192	0.012	17.779	0.0679	0	0
1892.964141	0.139	0.012	18.128	0.0938	0	0
1892.984974	0.126	0.012	18.242	0.1043	0	0
1893.005806	0.169	0.012	17.919	0.0773	0	0
1893.026639	0.158	0.012	17.993	0.0828	0	0
1893.047472	0.156	0.012	18.009	0.0841	0	0
1893.068305	0.183	0.012	17.831	0.0713	0	0
1893.089138	0.133	0.012	18.176	0.0979	0	0
1893.10997	0.156	0.012	18.003	0.0835	0	0
1893.130803	0.169	0.012	17.917	0.0771	0	0
1893.151636	0.193	0.012	17.776	0.0678	0	0
1893.172469	0.185	0.012	17.819	0.0705	0	0
1893.193302	0.149	0.012	18.054	0.0876	0	0
1893.214134	0.229	0.012	17.59	0.0571	0	0
1893.234967	0.141	0.012	18.114	0.0925	0	0
1893.2558	0.163	0.012	17.956	0.08	0	0
1893.276633	0.182	0.012	17.842	0.072	0	0
1893.297466	0.19	0.012	17.793	0.0689	0	0
1893.318298	0.18	0.012	17.85	0.0725	0	0
1893.422462	0.131	0.012	18.196	0.1001	0	0
1893.443295	0.151	0.012	18.042	0.0866	0	0
1893.464128	0.159	0.012	17.985	0.0823	0	0
1893.484961	0.18	0.012	17.849	0.0726	0	0
1893.505793	0.157	0.012	18.002	0.0835	0	0
1893.526626	0.135	0.012	18.16	0.0967	0	0
1893.547459	0.165	0.012	17.945	0.0793	0	0
1893.568292	0.148	0.012	18.065	0.0886	0	0
1893.589124	0.162	0.012	17.963	0.0807	0	0
1893.609957	0.141	0.012	18.116	0.0928	0	0
1893.63079	0.15	0.012	18.05	0.0874	0	0
1893.651623	0.118	0.012	18.305	0.1106	0	0
1893.672455	0.168	0.012	17.923	0.0777	0	0
1893.693288	0.131	0.012	18.199	0.1003	0	0
1893.714121	0.171	0.012	17.907	0.0766	0	0
1893.734954	0.139	0.012	18.13	0.0941	0	0
1893.755787	0.139	0.012	18.128	0.0939	0	0
1893.776619	0.186	0.012	17.817	0.0705	0	0
1893.797452	0.107	0.012	18.411	0.122	0	0
1893.818285	0.205	0.012	17.708	0.0638	0	0
1893.839118	0.174	0.012	17.89	0.0754	0	0
1893.85995	0.198	0.012	17.745	0.066	0	0
1893.880783	0.148	0.012	18.064	0.0885	0	0
1893.901616	0.161	0.012	17.972	0.0814	0	0
1893.922449	0.177	0.012	17.867	0.0738	0	0
1893.943281	0.149	0.012	18.053	0.0877	0	0
1893.964114	0.208	0.012	17.696	0.063	0	0
1893.984947	0.151	0.012	18.043	0.0869	0	0
1894.00578	0.208	0.0121	17.694	0.063	0	0
1894.026612	0.174	0.0121	17.888	0.0754	0	0
1894.047445	0.165	0.012	17.947	0.0795	0	0
1894.068278	0.166	0.012	17.94	0.0789	0	0
1894.089111	0.147	0.012	18.071	0.0891	0	0
1894.109943	0.18	0.012	17.85	0.0727	0	0
1894.130776	0.125	0.012	18.249	0.1051	0	0
1894.151609	0.184	0.0121	17.824	0.071	0	0
1894.172442	0.178	0.012	17.861	0.0734	0	0
1894.193274	0.142	0.012	18.107	0.0921	0	0
1894.214107	0.163	0.012	17.957	0.0803	0	0
1894.23494	0.151	0.012	18.043	0.0869	0	0
1894.255773	0.144	0.012	18.092	0.091	0	0
1894.276605	0.173	0.0121	17.895	0.0759	0	0
1894.297438	0.126	0.012	18.234	0.1037	0	0
1894.318271	0.18	0.012	17.849	0.0727	0	0
1894.339104	0.142	0.0121	18.106	0.0922	0	0
1894.359936	0.173	0.0121	17.894	0.0758	0	0
1894.380769	0.163	0.012	17.962	0.0806	0	0
1894.401602	0.149	0.0121	18.053	0.0878	0	0
1894.422434	0.135	0.012	18.161	0.097	0	0
1894.443267	0.144	0.012	18.095	0.0913	0	0
1894.4641	0.157	0.0121	17.996	0.0833	0	0
1894.484933	0.149	0.0121	18.055	0.088	0	0
1894.505765	0.15	0.0121	18.045	0.0872	0	0
1894.526598	0.204	0.0121	17.717	0.0645	0	0
1894.547431	0.153	0.0121	18.029	0.0859	0	0
1894.568264	0.147	0.0121	18.074	0.0895	0	0
1894.589096	0.152	0.0121	18.037	0.0865	0	0
1894.609929	0.15	0.0121	18.048	0.0875	0	0
1894.630762	0.159	0.0121	17.986	0.0826	0	0
1894.651594	0.145	0.0121	18.087	0.0907	0	0
1894.672427	0.18	0.0121	17.853	0.0731	0	0
1894.69326	0.17	0.0121	17.915	0.0773	0	0
1894.714093	0.222	0.0121	17.622	0.059	0	0
1894.734925	0.111	0.0121	18.376	0.1186	0	0
1894.755758	0.157	0.0121	17.997	0.0835	0	0
1894.776591	0.194	0.0121	17.772	0.0679	0	0
1894.797423	0.14	0.0121	18.12	0.0936	0	0
1894.818256	0.176	0.0121	17.874	0.0745	0	0
1894.839089	0.148	0.0121	18.061	0.0886	0	0
1894.859922	0.17	0.0121	17.915	0.0774	0	0
1894.880754	0.158	0.0121	17.995	0.0832	0	0
1894.901587	0.134	0.0121	18.171	0.0981	0	0
1894.92242	0.15	0.0121	18.05	0.0876	0	0
1894.943252	0.158	0.0121	17.994	0.0834	0	0
1894.964085	0.148	0.0121	18.063	0.0887	0	0
1894.984918	0.189	0.0121	17.8	0.0697	0	0
1895.00575	0.139	0.0121	18.131	0.0947	0	0
1895.026583	0.12	0.0121	18.289	0.1093	0	0
1895.047416	0.167	0.0121	17.931	0.0785	0	0
1895.068249	0.166	0.0121	17.94	0.0792	0	0
1895.089081	0.198	0.0121	17.75	0.0664	0	0
1895.109914	0.148	0.0121	18.065	0.0889	0	0
1895.130747	0.158	0.0121	17.994	0.0833	0	0
1895.151579	0.14	0.0121	18.12	0.0935	0	0
1895.172412	0.148	0.0121	18.065	0.089	0	0
1895.193245	0.155	0.0121	18.01	0.0846	0	0
1895.214077	0.179	0.0121	17.856	0.0733	0	0
1895.23491	0.178	0.0121	17.865	0.074	0	0
1895.255743	0.156	0.0121	18.006	0.0842	0	0
1895.276575	0.148	0.0121	18.066	0.089	0	0
1895.297408	0.148	0.0121	18.06	0.0885	0	0
1895.318241	0.109	0.0121	18.4	0.1212	0	0
1895.339074	0.184	0.0121	17.827	0.0713	0	0
1895.359906	0.123	0.0121	18.264	0.1069	0	0
1895.380739	0.134	0.0121	18.169	0.0983	0	0
1895.401572	0.155	0.0121	18.014	0.085	0	0
1895.422404	0.152	0.0121	18.037	0.0868	0	0
1895.443237	0.186	0.0121	17.817	0.0708	0	0
1895.46407	0.179	0.0121	17.859	0.0735	0	0
1895.484902	0.134	0.0121	18.174	0.0984	0	0
1895.505735	0.115	0.0121	18.334	0.114	0	0
1895.526568	0.157	0.0121	18	0.0838	0	0
1895.5474	0.139	0.0121	18.133	0.0949	0	0
1895.568233	0.169	0.0121	17.916	0.0777	0	0
1895.589066	0.117	0.0121	18.317	0.1123	0	0
1895.609898	0.167	0.0121	17.935	0.0789	0	0
1895.630731	0.139	0.0121	18.128	0.0945	0	0
1895.651564	0.183	0.0121	17.832	0.0719	0	0
1895.672396	0.152	0.0121	18.032	0.0864	0	0
1895.693229	0.146	0.0121	18.081	0.0903	0	0
1895.714062	0.142	0.0121	18.106	0.0926	0	0
1895.734894	0.154	0.0121	18.022	0.0857	0	0
1895.755727	0.148	0.0121	18.061	0.0887	0	0
1895.77656	0.123	0.0121	18.268	0.1077	0	0
1895.797392	0.147	0.0121	18.071	0.0897	0	0
1895.818225	0.125	0.0121	18.249	0.1057	0	0
1895.839058	0.172	0.0121	17.903	0.0768	0	0
1895.85989	0.132	0.0121	18.189	0.1	0	0
1895.880723	0.096	0.0121	18.529	0.1371	0	0
1895.901556	0.149	0.0121	18.054	0.0882	0	0
1895.922388	0.159	0.0121	17.983	0.0827	0	0
1895.943221	0.122	0.0121	18.273	0.1081	0	0
1895.964053	0.154	0.0121	18.021	0.0857	0	0
1895.984886	0.109	0.0121	18.392	0.1207	0	0
1896.005719	0.176	0.0121	17.872	0.0747	0	0
1896.026551	0.131	0.0121	18.195	0.1007	0	0
1896.047384	0.128	0.0121	18.222	0.1032	0	0
1896.068217	0.102	0.0121	18.468	0.1295	0	0
1896.089049	0.141	0.0121	18.115	0.0935	0	0
1896.109882	0.115	0.0121	18.334	0.1144	0	0
1896.130715	0.126	0.0121	18.235	0.1044	0	0
1896.151547	0.171	0.0121	17.909	0.0773	0	0
1896.17238	0.172	0.0121	17.902	0.0769	0	0
1896.193213	0.127	0.0121	18.23	0.104	0	0
1896.214045	0.162	0.0121	17.966	0.0814	0	0
1896.234878	0.167	0.0121	17.935	0.0792	0	0
1896.25571	0.144	0.0121	18.091	0.0915	0	0
1896.276543	0.122	0.0121	18.273	0.1083	0	0
1896.297376	0.13	0.0121	18.206	0.1017	0	0
1896.318208	0.144	0.0121	18.094	0.0918	0	0
1896.339041	0.147	0.0121	18.07	0.0898	0	0
1896.359874	0.155	0.0121	18.011	0.085	0	0
1896.380706	0.152	0.0121	18.038	0.0871	0	0
1896.401539	0.142	0.0121	18.109	0.093	0	0
1896.422371	0.148	0.0121	18.062	0.0891	0	0
1896.443204	0.162	0.0121	17.965	0.0815	0	0
1896.464037	0.167	0.0121	17.932	0.079	0	0
1896.484869	0.134	0.0121	18.17	0.0985	0	0
1896.505702	0.164	0.0121	17.95	0.0804	0	0
1896.526534	0.14	0.0121	18.123	0.0944	0	0
1896.547367	0.138	0.0122	18.142	0.0962	0	0
1896.5682	0.165	0.0122	17.942	0.0799	0	0
1896.589032	0.136	0.0122	18.157	0.0975	0	0
1896.609865	0.164	0.0122	17.953	0.0809	0	0
1896.630698	0.159	0.0122	17.986	0.0834	0	0
1896.65153	0.138	0.0122	18.139	0.0961	0	0
1896.672363	0.145	0.0122	18.087	0.0915	0	0
1896.693195	0.154	0.0122	18.022	0.0862	0	0
1896.714028	0.132	0.0122	18.186	0.1004	0	0
1896.734861	0.117	0.0122	18.314	0.113	0	0
1896.755693	0.127	0.0122	18.228	0.1042	0	0
1896.776526	0.161	0.0122	17.97	0.0822	0	0
1896.797358	0.155	0.0122	18.013	0.0855	0	0
1896.818191	0.143	0.0122	18.104	0.093	0	0
1896.839023	0.146	0.0122	18.077	0.0907	0	0
1896.859856	0.144	0.0123	18.093	0.0927	0	0
1896.880689	0.125	0.0123	18.244	0.1066	0	0
1896.901521	0.117	0.0123	18.314	0.1138	0	0
1896.922354	0.135	0.0123	18.164	0.099	0	0
1896.943186	0.132	0.0123	18.187	0.1011	0	0
1896.964019	0.149	0.0123	18.054	0.0896	0	0
1896.984852	0.109	0.0123	18.394	0.1226	0	0
1897.005684	0.123	0.0123	18.266	0.109	0	0
1897.026517	0.144	0.0123	18.092	0.0927	0	0
1897.047349	0.156	0.0123	18.005	0.0856	0	0
1897.068182	0.151	0.0123	18.045	0.0888	0	0
1897.089014	0.144	0.0123	18.093	0.093	0	0
1897.109847	0.144	0.0123	18.092	0.0928	0	0
1897.13068	0.141	0.0123	18.119	0.095	0	0
1897.151512	0.189	0.0123	17.798	0.0708	0	0
1897.172345	0.141	0.0123	18.113	0.0946	0	0
1897.193177	0.131	0.0123	18.193	0.1019	0	0
1897.21401	0.119	0.0123	18.297	0.1121	0	0
1897.234842	0.122	0.0123	18.276	0.1102	0	0
1897.255675	0.097	0.0123	18.521	0.1382	0	0
1897.276508	0.132	0.0123	18.189	0.1015	0	0
1897.29734	0.151	0.0123	18.042	0.0886	0	0
1897.318173	0.125	0.0123	18.251	0.1074	0	0
1897.339005	0.149	0.0123	18.059	0.09	0	0
1897.359838	0.125	0.0123	18.247	0.1071	0	0
1897.38067	0.134	0.0123	18.173	0.0999	0	0
1897.401503	0.104	0.0123	18.446	0.1287	0	0
1897.422335	0.132	0.0123	18.19	0.1016	0	0
1897.443168	0.122	0.0123	18.273	0.1096	0	0
1897.464	0.133	0.0123	18.182	0.1009	0	0
1897.484833	0.116	0.0123	18.33	0.1158	0	0
1897.505666	0.096	0.0123	18.535	0.1399	0	0
1897.526498	0.13	0.0123	18.2	0.1026	0	0
1897.547331	0.114	0.0123	18.348	0.1177	0	0
1897.568163	0.104	0.0123	18.446	0.1289	0	0
1897.588996	0.144	0.0123	18.093	0.0931	0	0
1897.609828	0.16	0.0123	17.979	0.0837	0	0
1897.630661	0.131	0.0123	18.197	0.1024	0	0
1897.651493	0.158	0.0123	17.993	0.0849	0	0
1897.672326	0.148	0.0123	18.065	0.0908	0	0
1897.693158	0.134	0.0123	18.17	0.0999	0	0
1897.713991	0.156	0.0123	18.009	0.0862	0	0
1897.734823	0.141	0.0123	18.112	0.0949	0	0
1897.755656	0.125	0.0123	18.251	0.1078	0	0
